generation,N_shifts,logPrior,logLik,eventRate,acceptRate
0,0,1.35195,-377.702,0.505055,1
5000,0,0.744075,-284.285,0.681241,0.405
10000,0,1.12835,-282.16,0.490304,0.424
15000,0,1.36698,-283.649,0.0278955,0.406
20000,1,1.63399,-280.194,0.865893,0.411
25000,0,0.71391,-282.301,0.928383,0.437
30000,3,2.20882,-281.212,2.41365,0.392
35000,1,1.19043,-282.971,1.44435,0.365
40000,0,1.17823,-283.079,0.45484,0.415
45000,0,0.970848,-283.969,0.666661,0.429
50000,0,1.08645,-282.22,0.528747,0.411
55000,0,1.24004,-283.002,0.310899,0.415
60000,0,0.818037,-286.558,0.327988,0.424
65000,0,0.686617,-282.951,0.78388,0.401
70000,0,1.12313,-282.545,0.433356,0.418
75000,0,1.31637,-282.969,0.183894,0.354
80000,0,1.40076,-283.21,0.0781905,0.382
85000,0,1.28248,-282.624,0.246053,0.4
90000,0,1.28751,-282.301,0.289687,0.416
95000,0,0.396843,-283.423,1.06366,0.43
100000,0,1.37225,-282.409,0.249984,0.409
105000,0,1.16661,-282.806,0.338871,0.409
110000,0,1.36683,-282.278,0.252838,0.386
115000,0,-0.954278,-283.813,2.37686,0.417
120000,0,1.06658,-284.854,0.262079,0.418
125000,0,1.50566,-282.292,0.0856683,0.385
130000,0,1.25386,-284.926,0.00886505,0.381
135000,0,1.29492,-283.253,0.161377,0.444
140000,0,1.4061,-282.207,0.205447,0.389
145000,0,1.01641,-282.164,0.60185,0.366
150000,0,1.31944,-283.494,0.0958595,0.439
155000,0,0.350586,-283.383,1.11779,0.43
160000,1,1.29672,-279.257,2.06037,0.396
165000,0,1.21736,-283.741,0.163591,0.409
170000,0,1.36684,-282.082,0.266526,0.395
175000,0,0.754654,-283.172,0.787651,0.408
180000,2,2.94551,-280.768,1.63353,0.41
185000,1,1.17078,-281.791,1.23575,0.388
190000,0,0.362343,-282.444,1.20976,0.324
195000,0,1.41203,-282.326,0.247798,0.419
200000,0,1.48103,-284.223,0.0848934,0.418
205000,0,0.879435,-282.497,0.674811,0.403
210000,0,0.7324,-282.162,0.904728,0.377
215000,0,1.34747,-282.245,0.259689,0.391
220000,0,1.14632,-283.976,0.26806,0.401
225000,0,0.718643,-282.883,0.869723,0.357
230000,0,1.10311,-282.497,0.436941,0.431
235000,0,0.738406,-282.366,0.826981,0.394
240000,2,4.15798,-283.546,0.362238,0.414
245000,0,0.566826,-283.778,0.906004,0.407
250000,0,1.47125,-282.11,0.161898,0.371
255000,0,1.32637,-284.604,0.117473,0.415
260000,0,1.01408,-282.053,0.644215,0.4
265000,0,0.282609,-285.86,1.06232,0.332
270000,0,1.57774,-282.243,0.0502397,0.383
275000,0,1.54015,-282.321,0.0853252,0.378
280000,0,1.28265,-282.622,0.379931,0.409
285000,0,1.29627,-282.143,0.328727,0.374
290000,1,2.75952,-280.719,0.339557,0.398
295000,0,0.374139,-283.734,1.12196,0.388
300000,0,1.17979,-282.374,0.425814,0.409
305000,0,0.451791,-282.64,1.10526,0.386
310000,0,1.43832,-282.667,0.0760382,0.415
315000,0,0.489598,-282.443,1.09794,0.375
320000,0,1.5094,-282.596,0.0481147,0.408
325000,0,-0.293477,-282.356,1.86579,0.45
330000,0,0.927528,-283.124,0.559496,0.381
335000,0,1.2498,-283.909,0.125412,0.35
340000,0,1.11276,-283.32,0.331307,0.401
345000,0,1.04552,-283.119,0.469757,0.417
350000,0,1.48975,-282.11,0.145379,0.404
355000,0,0.481657,-283.322,0.942044,0.388
360000,0,0.894974,-284.954,0.638161,0.397
365000,1,0.397094,-284.21,0.837725,0.403
370000,0,0.0908408,-283.187,1.38868,0.391
375000,0,0.540204,-282.842,0.967231,0.415
380000,2,-1.27622,-279.219,0.510913,0.426
385000,0,1.56675,-282.781,0.0353812,0.402
390000,0,1.58241,-283.094,0.04905,0.391
395000,0,0.188488,-283.869,1.18001,0.401
400000,0,1.52833,-282.53,0.0116711,0.416
405000,0,1.22489,-282.671,0.407313,0.403
410000,0,1.13613,-282.314,0.498928,0.434
415000,0,1.59643,-282.176,0.030927,0.394
420000,0,1.49908,-282.481,0.045229,0.395
425000,0,1.61299,-282.576,0.0306364,0.395
430000,0,1.057,-283.722,0.329638,0.384
435000,1,2.56061,-280.007,0.376165,0.438
440000,0,1.43182,-282.433,0.167945,0.433
445000,0,1.42749,-282.073,0.209931,0.436
450000,0,0.850795,-283.051,0.613701,0.424
455000,1,3.2875,-279.775,0.133519,0.444
460000,1,1.89737,-283.021,0.889095,0.425
465000,0,1.45404,-282.492,0.167445,0.405
470000,0,0.998618,-283.265,0.541025,0.413
475000,0,1.30267,-283.784,0.0660435,0.396
480000,0,0.995258,-283.038,0.515281,0.412
485000,0,1.0754,-282.624,0.525105,0.414
490000,1,1.27106,-285.101,0.562691,0.373
495000,0,0.758902,-283.723,0.819278,0.396
500000,0,1.35107,-282.898,0.258405,0.386
505000,1,0.280304,-279.897,1.67567,0.403
510000,0,0.961443,-282.333,0.665384,0.381
515000,0,0.888864,-282.444,0.683128,0.408
520000,0,0.615234,-282.457,0.990281,0.411
525000,4,0.956364,-282.402,3.62922,0.44
530000,0,0.506749,-282.953,1.01278,0.43
535000,5,-0.601247,-290.471,2.24446,0.423
540000,1,1.06761,-280.928,0.364857,0.422
545000,0,1.16472,-283.249,0.30794,0.398
550000,0,0.226703,-283.304,1.34365,0.414
555000,0,0.664773,-282.463,0.914765,0.432
560000,1,2.11814,-283.86,0.587771,0.451
565000,0,1.39593,-283.044,0.0642126,0.418
570000,0,1.50765,-283.445,0.121192,0.387
575000,0,1.22033,-286.243,0.432418,0.405
580000,0,0.855087,-282.307,0.731185,0.402
585000,0,-0.0882047,-282.503,1.64047,0.382
590000,1,1.44788,-279.183,0.691258,0.433
595000,0,0.962721,-286.594,0.14727,0.441
600000,0,0.93679,-282.584,0.686922,0.389
605000,0,0.946906,-282.713,0.570225,0.398
610000,0,1.47924,-282.305,0.130682,0.409
615000,1,-0.963016,-283.779,2.57894,0.415
620000,0,1.35616,-283.921,0.00506465,0.387
625000,0,1.50375,-282.802,0.042589,0.446
630000,0,0.567273,-284.554,0.737383,0.381
635000,0,0.726367,-282.171,0.893144,0.412
640000,0,1.21645,-282.695,0.387112,0.366
645000,1,1.43972,-279.316,0.434326,0.433
650000,1,1.62728,-279.582,1.30504,0.423
655000,0,0.792786,-283.583,0.643266,0.429
660000,0,1.60296,-282.034,0.0437172,0.45
665000,2,3.52317,-283.413,0.921162,0.399
670000,0,1.13613,-284.977,0.210668,0.388
675000,0,-0.355469,-282.763,1.87917,0.408
680000,0,1.50048,-282.734,0.0373522,0.447
685000,1,0.293559,-286.136,0.686953,0.454
690000,1,1.73447,-285.23,0.695654,0.424
695000,0,1.01298,-282.374,0.551564,0.419
700000,2,-0.0699823,-283.97,0.803612,0.412
705000,0,1.36118,-282.058,0.282468,0.407
710000,0,1.33692,-285.094,0.109658,0.418
715000,0,0.694454,-282.162,0.928901,0.396
720000,1,0.706777,-279.765,1.41132,0.404
725000,0,0.879752,-283.338,0.695103,0.413
730000,0,1.23015,-283.335,0.192731,0.412
735000,0,0.943213,-282.393,0.623195,0.421
740000,0,1.40623,-282.35,0.25643,0.434
745000,0,0.935033,-284.057,0.523751,0.407
750000,0,0.166363,-282.378,1.42777,0.362
755000,0,0.843999,-284.499,0.683495,0.389
760000,0,0.549197,-282.164,1.11273,0.43
765000,0,0.927486,-283.754,0.619758,0.368
770000,0,1.3187,-282.605,0.24588,0.422
775000,0,1.23821,-282.308,0.350706,0.425
780000,0,1.42902,-283.013,0.0505324,0.438
785000,0,1.44655,-282.875,0.146502,0.381
790000,0,0.743413,-282.529,0.824871,0.406
795000,0,0.559519,-282.311,1.05056,0.368
800000,0,0.309477,-282.194,1.29163,0.439
805000,1,0.567105,-279.341,1.7648,0.419
810000,0,1.60621,-282.766,0.00168798,0.365
815000,0,0.90503,-283.879,0.452842,0.408
820000,0,1.56838,-282.144,0.0881251,0.405
825000,0,1.31008,-283.963,0.119364,0.381
830000,0,1.04694,-286.416,0.181879,0.411
835000,0,1.18976,-287.366,0.242696,0.403
840000,0,0.868631,-282.534,0.734996,0.421
845000,0,0.951147,-282.459,0.635221,0.416
850000,0,1.29347,-283.078,0.21171,0.436
855000,0,1.41179,-282.627,0.156136,0.448
860000,0,1.32032,-283.744,0.121017,0.393
865000,0,1.46107,-282.186,0.14258,0.385
870000,0,0.820568,-283.135,0.781623,0.414
875000,0,1.17497,-282.072,0.484242,0.431
880000,0,1.24553,-282.179,0.374248,0.443
885000,1,0.169393,-280.484,0.124413,0.395
890000,0,0.795515,-283.242,0.650095,0.417
895000,0,1.37896,-282.967,0.106912,0.343
900000,1,2.22259,-282.65,0.646055,0.42
905000,0,1.45169,-283.245,0.160918,0.376
910000,2,1.41911,-277.791,2.79456,0.405
915000,0,1.27496,-282.203,0.332531,0.408
920000,0,1.44367,-283.267,0.106861,0.418
925000,1,1.6557,-284.418,0.437551,0.382
930000,0,1.37005,-283.353,0.11086,0.401
935000,0,1.44974,-282.53,0.0887395,0.385
940000,0,1.05432,-282.748,0.462176,0.413
945000,0,0.700665,-282.118,0.950888,0.447
950000,0,0.611748,-283.886,0.782106,0.401
955000,1,2.90299,-281.285,0.156248,0.477
960000,0,1.26173,-282.759,0.271387,0.376
965000,0,1.52032,-282.891,0.141548,0.425
970000,0,-0.492936,-282.946,1.9783,0.397
975000,0,1.34895,-282.652,0.256943,0.399
980000,0,1.48767,-283.871,0.0275418,0.397
985000,0,1.55862,-282.246,0.0363078,0.41
990000,0,1.36215,-282.987,0.130379,0.412
995000,1,2.15935,-282.461,0.269695,0.389
1000000,3,1.17425,-280.847,2.17931,0.402
1005000,0,1.169,-282.316,0.460566,0.412
1010000,0,1.12696,-285.878,0.0380133,0.409
1015000,1,1.43474,-281.398,0.35713,0.443
1020000,1,1.77398,-279.341,0.100198,0.417
1025000,1,1.77174,-280.125,1.01215,0.474
1030000,0,0.430948,-282.552,1.10065,0.412
1035000,0,1.35018,-283.009,0.274771,0.398
1040000,0,0.707268,-282.393,0.854394,0.379
1045000,0,1.53919,-282.163,0.0891667,0.416
1050000,0,0.923723,-282.392,0.641118,0.381
1055000,0,1.64224,-282.52,0.0373425,0.382
1060000,1,1.61125,-280.316,0.389472,0.394
1065000,0,1.49432,-282.088,0.134648,0.369
1070000,0,1.03972,-282.418,0.557388,0.422
1075000,0,1.53716,-282.21,0.0744549,0.419
1080000,0,1.45622,-283.514,0.0554863,0.383
1085000,0,1.00051,-283.656,0.433688,0.407
1090000,0,1.28266,-282.674,0.240321,0.402
1095000,0,1.19031,-284.657,0.330319,0.413
1100000,0,1.51269,-282.935,0.0613923,0.413
1105000,0,1.28884,-282.737,0.310169,0.397
1110000,0,0.595428,-283.864,0.845402,0.378
1115000,0,1.27634,-282.14,0.360211,0.425
1120000,0,0.273925,-282.662,1.2532,0.366
1125000,0,0.917774,-282.402,0.653256,0.408
1130000,0,-0.0997639,-284.53,1.74436,0.393
1135000,0,1.15213,-282.285,0.512398,0.402
1140000,0,0.782163,-282.089,0.856017,0.388
1145000,0,1.46535,-282.717,0.0390035,0.36
1150000,0,0.70546,-283.308,0.806149,0.381
1155000,0,0.696205,-282.539,0.899356,0.416
1160000,0,1.29118,-282.549,0.253797,0.406
1165000,1,1.54296,-285.1,1.02373,0.4
1170000,0,1.50907,-283.338,0.154158,0.385
1175000,0,1.42171,-283.901,0.0938167,0.343
1180000,1,1.88134,-283.459,0.446305,0.39
1185000,0,1.16077,-283.41,0.262361,0.381
1190000,0,0.820385,-285.18,0.511932,0.386
1195000,0,0.755739,-284.024,0.818153,0.4
1200000,0,0.943536,-283.053,0.592738,0.42
1205000,0,1.43821,-282.086,0.204707,0.455
1210000,0,0.486086,-282.297,1.09738,0.383
1215000,0,1.12873,-282.636,0.414303,0.429
1220000,0,1.06414,-283.359,0.359026,0.387
1225000,0,0.392327,-284.598,1.1276,0.408
1230000,0,1.38767,-283.394,0.196887,0.378
1235000,0,1.12194,-282.873,0.40625,0.411
1240000,0,0.981637,-282.835,0.557802,0.385
1245000,0,1.1921,-282.562,0.39334,0.397
1250000,0,-0.629709,-284.096,2.23477,0.391
1255000,0,0.955632,-282.736,0.702587,0.297
1260000,1,1.00409,-284.185,0.974435,0.402
1265000,0,0.978255,-285.383,0.558827,0.356
1270000,0,1.1794,-283.962,0.391572,0.344
1275000,0,1.45391,-283.561,0.178335,0.375
1280000,1,0.911663,-279.35,1.21229,0.456
1285000,0,1.49306,-282.386,0.171427,0.403
1290000,0,1.08123,-282.276,0.509487,0.427
1295000,0,1.54199,-282.576,0.0781566,0.445
1300000,1,1.21287,-283.488,1.24945,0.364
1305000,0,1.21381,-282.301,0.363426,0.426
1310000,0,0.373216,-283.15,1.08209,0.42
1315000,0,1.25344,-282.232,0.367522,0.42
1320000,1,-2.93081,-280.439,1.41491,0.417
1325000,0,0.704411,-283.242,0.88191,0.437
1330000,0,0.538834,-282.495,1.07899,0.404
1335000,0,0.977429,-282.181,0.627068,0.381
1340000,1,2.8681,-285.514,0.192516,0.437
1345000,0,1.18098,-282.877,0.308626,0.382
1350000,1,2.32946,-286.332,0.565454,0.359
1355000,0,1.25854,-282.817,0.230708,0.391
1360000,0,1.56854,-282.919,0.0108519,0.364
1365000,0,0.991591,-282.815,0.675719,0.404
1370000,0,0.728523,-282.716,0.812085,0.398
1375000,0,-1.20883,-283.154,2.67264,0.467
1380000,1,1.49766,-283.624,1.79694,0.385
1385000,0,1.24999,-282.922,0.236418,0.389
1390000,0,0.837154,-288.176,0.700126,0.436
1395000,0,0.0192343,-282.916,1.49611,0.422
1400000,0,1.51702,-283.87,0.161909,0.451
1405000,0,1.32613,-282.544,0.229409,0.43
1410000,0,1.35017,-283.016,0.160643,0.38
1415000,0,0.287441,-286.069,0.86187,0.376
1420000,0,0.842354,-283.663,0.586991,0.391
1425000,0,1.47387,-282.315,0.151185,0.389
1430000,0,0.206777,-282.746,1.35096,0.399
1435000,0,1.48973,-283.907,0.203243,0.443
1440000,0,0.696794,-283.257,0.891702,0.44
1445000,0,0.629026,-282.816,0.964683,0.426
1450000,1,2.01978,-279.148,0.288878,0.378
1455000,0,0.858405,-283.09,0.597242,0.417
1460000,0,1.30229,-282.573,0.224809,0.389
1465000,0,1.55032,-282.397,0.0176234,0.423
1470000,0,0.841083,-282.28,0.746011,0.383
1475000,0,1.32427,-283.047,0.333782,0.395
1480000,0,1.12062,-285.217,0.206496,0.393
1485000,1,1.21451,-282.15,1.35906,0.427
1490000,0,1.13952,-284.118,0.400773,0.4
1495000,0,1.27005,-282.747,0.301709,0.389
1500000,0,1.43317,-283.386,0.153852,0.404
1505000,0,1.5655,-282.854,0.0268627,0.403
1510000,0,0.246446,-282.181,1.41179,0.36
1515000,0,1.23456,-282.839,0.293597,0.37
1520000,0,0.905612,-284.61,0.379188,0.422
1525000,0,1.0938,-282.968,0.375945,0.396
1530000,0,1.47925,-282.462,0.172765,0.431
1535000,0,1.28298,-282.825,0.22779,0.409
1540000,0,0.45971,-283.514,0.949901,0.393
1545000,0,0.739133,-282.38,0.833405,0.408
1550000,1,1.68761,-280.323,0.639697,0.487
1555000,2,3.128,-281.872,0.840661,0.483
1560000,1,1.41079,-284.595,1.08671,0.41
1565000,0,1.46218,-284.192,0.0636848,0.368
1570000,0,1.14179,-282.515,0.519518,0.4
1575000,1,0.457754,-280.605,1.0397,0.401
1580000,0,0.343045,-283.669,1.04167,0.317
1585000,0,1.0985,-282.897,0.405704,0.407
1590000,0,-0.946682,-282.392,2.51051,0.403
1595000,0,0.952356,-284.328,0.416737,0.413
1600000,0,0.447135,-282.914,1.03601,0.43
1605000,0,1.36222,-283.293,0.141504,0.409
1610000,0,0.889053,-283.24,0.720125,0.425
1615000,1,3.01906,-280.17,0.423406,0.366
1620000,0,1.25346,-283.241,0.345156,0.471
1625000,1,1.81149,-283.76,0.395639,0.405
1630000,0,1.1131,-282.529,0.491864,0.386
1635000,1,0.961097,-283.833,0.952322,0.401
1640000,0,0.586219,-285.881,0.734272,0.402
1645000,0,1.37651,-282.357,0.193905,0.401
1650000,0,1.24998,-283.494,0.157514,0.419
1655000,0,1.46103,-283.149,0.0651824,0.429
1660000,1,1.26575,-283.124,1.96117,0.449
1665000,0,1.20068,-282.349,0.366718,0.426
1670000,2,2.08113,-287.626,1.76868,0.449
1675000,0,1.29969,-282.189,0.324694,0.413
1680000,0,0.675045,-282.722,0.881334,0.412
1685000,0,0.826295,-283.604,0.668494,0.397
1690000,1,-0.272286,-281.683,1.36805,0.339
1695000,0,0.945772,-283.176,0.502993,0.386
1700000,0,1.49327,-282.708,0.0137923,0.409
1705000,0,1.45801,-282.671,0.0551276,0.379
1710000,0,1.46891,-282.436,0.145524,0.404
1715000,0,1.21838,-284.783,0.0469258,0.379
1720000,0,1.22614,-283.855,0.199519,0.375
1725000,0,1.10338,-282.484,0.51448,0.398
1730000,0,1.3528,-283.842,0.136775,0.399
1735000,0,1.6146,-282.044,0.0408606,0.392
1740000,1,1.52155,-288.909,1.38126,0.4
1745000,0,0.111495,-282.952,1.46798,0.429
1750000,0,-0.181811,-288.716,1.59763,0.416
1755000,1,2.40293,-281.872,0.289598,0.409
1760000,0,1.41398,-283.067,0.100001,0.404
1765000,1,0.596037,-284.577,0.869608,0.422
1770000,0,1.6066,-282.791,0.0776615,0.402
1775000,0,1.2961,-283.473,0.235188,0.388
1780000,0,1.39822,-282.659,0.141884,0.383
1785000,0,0.814069,-282.63,0.742813,0.431
1790000,1,1.79287,-280.094,1.03723,0.385
1795000,0,1.03685,-282.381,0.531464,0.399
1800000,0,1.52404,-283.069,0.00678371,0.421
1805000,0,0.803385,-282.685,0.711929,0.396
1810000,0,0.69557,-282.962,0.773686,0.418
1815000,0,1.43756,-283.783,0.188503,0.432
1820000,0,1.25827,-282.798,0.394388,0.411
1825000,1,0.858428,-284.314,1.97279,0.388
1830000,0,1.00764,-287.4,0.623267,0.391
1835000,0,1.18189,-282.999,0.303001,0.336
1840000,0,0.857929,-282.301,0.730545,0.427
1845000,0,1.4525,-282.543,0.0801443,0.408
1850000,0,1.11148,-284.499,0.422048,0.383
1855000,0,1.53169,-282.353,0.0418902,0.4
1860000,0,1.45072,-283.233,0.0587122,0.402
1865000,0,1.43243,-283.392,0.0237313,0.41
1870000,0,0.87888,-283.38,0.618368,0.39
1875000,3,0.421492,-282.443,3.44802,0.379
1880000,0,1.02561,-283.028,0.435884,0.386
1885000,0,1.4875,-282.397,0.125674,0.432
1890000,0,1.5893,-282.062,0.061801,0.442
1895000,0,1.11099,-283.421,0.305528,0.411
1900000,0,1.14064,-282.48,0.406418,0.369
1905000,0,0.714885,-283.541,0.687086,0.389
1910000,0,1.3821,-282.705,0.303727,0.448
1915000,0,1.13258,-284.613,0.347105,0.383
1920000,0,-0.730172,-282.347,2.33295,0.431
1925000,0,1.33113,-282.1,0.296356,0.434
1930000,0,0.341607,-282.848,1.2435,0.403
1935000,0,1.56286,-282.108,0.0701876,0.367
1940000,1,1.77018,-279.837,0.641836,0.43
1945000,0,1.30623,-282.39,0.28403,0.371
1950000,0,1.56748,-283.139,0.00158791,0.404
1955000,0,1.17275,-282.828,0.378071,0.408
1960000,0,1.40803,-283.151,0.057029,0.453
1965000,0,1.28355,-282.923,0.206804,0.403
1970000,0,0.99887,-282.644,0.562009,0.413
1975000,0,1.32823,-282.583,0.197293,0.396
1980000,0,1.30171,-283.597,0.165633,0.403
1985000,0,1.29074,-282.269,0.373902,0.416
1990000,0,1.1468,-283.355,0.548978,0.405
1995000,0,1.02091,-283.121,0.482431,0.434
2000000,0,0.706849,-282.557,0.954738,0.394
2005000,0,0.801818,-283.867,0.711715,0.382
2010000,0,1.18313,-282.357,0.433323,0.425
2015000,0,0.54379,-283.428,0.936521,0.405
2020000,1,1.57484,-285.803,1.29031,0.378
2025000,0,1.40933,-283.161,0.0363675,0.392
2030000,0,1.26858,-283.02,0.251591,0.427
2035000,0,1.4082,-284.694,0.20304,0.368
2040000,0,0.466711,-282.415,1.19769,0.417
2045000,0,1.02922,-282.416,0.559844,0.412
2050000,1,2.57554,-281.578,0.166001,0.377
2055000,0,0.710123,-283.608,0.696022,0.41
2060000,0,0.904017,-282.171,0.718734,0.42
2065000,0,1.36389,-285.687,0.321348,0.451
2070000,0,1.19285,-283.077,0.261926,0.403
2075000,0,1.08885,-285.92,0.086835,0.427
2080000,0,1.54755,-282.62,0.103371,0.421
2085000,0,1.26348,-282.848,0.400709,0.383
2090000,0,1.00078,-284.741,0.324521,0.449
2095000,0,1.22413,-282.259,0.363557,0.396
2100000,0,0.919769,-283.37,0.521787,0.367
2105000,0,1.51785,-283.319,0.023256,0.419
2110000,0,0.830552,-282.389,0.731816,0.364
2115000,1,1.32955,-280.096,0.139015,0.405
2120000,0,1.30763,-286.646,0.153114,0.392
2125000,0,1.56162,-282.593,0.00570088,0.422
2130000,0,1.41497,-284.595,0.179495,0.41
2135000,0,0.996351,-282.089,0.632599,0.398
2140000,0,0.990289,-282.287,0.622318,0.316
2145000,0,1.53724,-282.885,0.12321,0.374
2150000,0,0.809097,-282.182,0.797166,0.435
2155000,0,0.802556,-282.264,0.870376,0.448
2160000,0,0.98228,-282.556,0.690739,0.383
2165000,0,1.48613,-283.025,0.0352817,0.416
2170000,0,1.05356,-283.122,0.406697,0.401
2175000,0,1.06372,-282.514,0.488035,0.421
2180000,0,1.22684,-283.598,0.194812,0.432
2185000,0,0.345025,-283.565,1.206,0.426
2190000,0,1.30846,-282.431,0.288242,0.435
2195000,1,2.75197,-279.3,0.574883,0.439
2200000,0,1.13156,-282.354,0.435294,0.41
2205000,0,1.49778,-282.346,0.0808566,0.381
2210000,0,1.42797,-283.11,0.0316865,0.476
2215000,0,0.837512,-284.724,0.475285,0.393
2220000,0,1.42478,-283.078,0.113485,0.328
2225000,0,1.53222,-282.484,0.0528884,0.42
2230000,0,-2.03749,-283.54,3.61282,0.358
2235000,0,0.312118,-282.351,1.30737,0.386
2240000,0,1.272,-283.238,0.36463,0.402
2245000,1,2.95521,-283.981,0.0762506,0.344
2250000,0,1.23551,-282.943,0.266791,0.423
2255000,0,1.09099,-282.107,0.553511,0.452
2260000,0,0.410479,-289.686,0.446496,0.362
2265000,0,1.09417,-283.333,0.560441,0.409
2270000,1,0.56946,-282.978,1.50912,0.429
2275000,0,1.33481,-282.086,0.303292,0.428
2280000,1,-0.211173,-287.275,2.34584,0.418
2285000,0,0.992531,-283.543,0.410245,0.42
2290000,1,-0.13716,-280.834,2.36482,0.412
2295000,0,0.944833,-283.3,0.680309,0.436
2300000,0,1.13329,-282.634,0.394683,0.427
2305000,0,-0.47964,-282.929,1.97387,0.392
2310000,0,1.45627,-282.602,0.0692471,0.397
2315000,0,1.43752,-282.603,0.0930641,0.429
2320000,0,0.2603,-282.319,1.32552,0.4
2325000,0,1.66988,-282.261,0.00074704,0.412
2330000,0,1.21028,-282.369,0.380912,0.442
2335000,0,1.20208,-283.726,0.362236,0.399
2340000,1,3.15694,-279.572,0.240263,0.417
2345000,0,0.926948,-282.494,0.697325,0.399
2350000,0,1.04128,-282.754,0.491703,0.411
2355000,0,1.64835,-282.034,0.00127204,0.381
2360000,0,1.39039,-283.523,0.206189,0.42
2365000,0,1.30622,-282.083,0.338932,0.388
2370000,0,0.491961,-282.341,1.07774,0.439
2375000,0,1.30464,-284.531,0.0765678,0.378
2380000,0,1.48632,-282.388,0.0745145,0.406
2385000,1,2.14349,-280.269,0.38676,0.389
2390000,0,1.42809,-283.918,0.0136538,0.369
2395000,0,1.30338,-282.123,0.318397,0.425
2400000,0,0.119212,-282.638,1.39892,0.448
2405000,1,0.238069,-279.629,1.55408,0.362
2410000,0,1.06921,-282.458,0.54743,0.396
2415000,0,1.34351,-283.047,0.136322,0.397
2420000,0,1.06793,-282.565,0.463365,0.348
2425000,1,0.769112,-283.664,0.617144,0.391
2430000,0,1.34637,-282.208,0.251217,0.432
2435000,0,1.36801,-283.37,0.109489,0.383
2440000,0,1.21028,-282.543,0.351552,0.418
2445000,0,1.34677,-282.575,0.185533,0.4
2450000,0,0.323704,-282.471,1.221,0.399
2455000,0,1.40024,-282.56,0.161232,0.379
2460000,0,0.971564,-282.212,0.626001,0.439
2465000,0,1.30595,-282.793,0.187849,0.389
2470000,0,1.27315,-283.957,0.194861,0.346
2475000,0,1.18776,-282.526,0.35335,0.423
2480000,0,1.33319,-282.561,0.207876,0.397
2485000,0,1.55199,-283.361,0.142217,0.387
2490000,0,1.00257,-282.086,0.627065,0.406
2495000,0,1.22529,-283.063,0.246928,0.428
2500000,0,0.238311,-285.259,1.11573,0.429
2505000,0,1.51715,-282.181,0.0992132,0.406
2510000,0,1.53554,-282.41,0.0417621,0.428
2515000,0,0.388899,-284.59,0.897846,0.399
2520000,0,1.49989,-282.799,0.135631,0.413
2525000,0,0.858384,-284.004,0.575133,0.363
2530000,0,1.25696,-282.171,0.389133,0.38
2535000,0,1.07508,-282.879,0.591399,0.435
2540000,0,0.41656,-282.197,1.18918,0.386
2545000,0,1.38084,-283.779,0.254191,0.39
2550000,0,1.23648,-282.635,0.293406,0.389
2555000,0,1.50534,-282.686,0.117891,0.386
2560000,1,0.639252,-279.885,0.250214,0.365
2565000,0,0.0837524,-284.939,1.17752,0.374
2570000,0,1.14639,-282.898,0.331672,0.454
2575000,0,0.147911,-284.608,1.3289,0.376
2580000,0,-1.38194,-282.225,2.98682,0.381
2585000,0,1.4238,-283.056,0.270021,0.422
2590000,0,0.884706,-282.762,0.645751,0.4
2595000,0,1.14951,-283.179,0.414533,0.398
2600000,0,1.44388,-282.864,0.219796,0.405
2605000,0,1.04116,-283.143,0.410401,0.397
2610000,0,1.39623,-283.315,0.0818373,0.359
2615000,0,0.353894,-284.965,0.923789,0.439
2620000,0,0.797255,-284.366,0.523315,0.398
2625000,1,2.28972,-279.505,0.603145,0.389
2630000,1,1.09667,-286.325,1.07241,0.335
2635000,0,1.4358,-282.828,0.0517974,0.409
2640000,0,0.927837,-284.202,0.399945,0.407
2645000,0,1.30442,-282.244,0.323843,0.393
2650000,0,1.21772,-282.063,0.418939,0.395
2655000,0,0.522029,-284.21,0.842192,0.417
2660000,0,1.10161,-282.296,0.523075,0.429
2665000,0,1.49651,-282.301,0.0807134,0.353
2670000,0,0.895507,-286.435,0.221236,0.382
2675000,0,1.37643,-282.291,0.203342,0.429
2680000,1,-0.196639,-280.544,0.640666,0.378
2685000,0,1.38293,-283.203,0.123339,0.436
2690000,0,1.16102,-284.517,0.26866,0.418
2695000,0,1.35023,-283.567,0.0804106,0.38
2700000,0,-0.197125,-282.161,1.80626,0.394
2705000,0,1.50833,-282.34,0.135093,0.397
2710000,0,1.07564,-286.07,0.353557,0.426
2715000,0,1.11096,-282.623,0.426137,0.404
2720000,1,2.22004,-286.315,0.52644,0.407
2725000,0,0.931026,-283.027,0.634964,0.343
2730000,0,1.58075,-282.025,0.0726643,0.409
2735000,0,0.284243,-283.055,1.17615,0.403
2740000,1,2.92833,-283.373,0.409525,0.408
2745000,4,1.58955,-284.584,1.12155,0.421
2750000,0,1.52045,-282.096,0.112072,0.406
2755000,0,1.22306,-282.987,0.251619,0.452
2760000,0,1.49734,-282.282,0.105436,0.445
2765000,0,0.578995,-282.085,1.07108,0.404
2770000,0,1.5079,-283.816,0.0186279,0.441
2775000,0,0.95235,-283.343,0.473151,0.391
2780000,0,1.31372,-282.246,0.353636,0.436
2785000,1,1.59764,-283.642,0.426701,0.383
2790000,0,1.46672,-282.599,0.0705018,0.412
2795000,0,0.958922,-282.444,0.590498,0.427
2800000,0,1.44887,-282.151,0.171135,0.377
2805000,0,1.23113,-282.375,0.332959,0.418
2810000,0,0.724175,-284.055,0.69305,0.367
2815000,0,0.790436,-282.479,0.773649,0.396
2820000,0,1.21245,-285.05,0.0276647,0.364
2825000,0,1.24682,-289.027,0.323644,0.411
2830000,0,1.14784,-283.402,0.272669,0.408
2835000,0,1.01954,-283.936,0.389813,0.425
2840000,0,1.54833,-282.402,0.0869938,0.42
2845000,0,1.48904,-282.669,0.0292127,0.385
2850000,0,-0.101262,-285.459,1.50898,0.374
2855000,1,2.29242,-282.049,0.216236,0.388
2860000,0,1.13314,-283.342,0.342299,0.423
2865000,1,2.28932,-282.693,0.408293,0.437
2870000,0,1.21782,-282.128,0.406337,0.333
2875000,2,3.01589,-281.616,0.794532,0.38
2880000,0,0.687683,-285.696,0.495461,0.357
2885000,0,0.748057,-282.536,0.790671,0.387
2890000,0,1.45388,-282.164,0.170378,0.446
2895000,1,2.48033,-284.263,0.364974,0.373
2900000,0,0.509149,-283.263,1.09038,0.43
2905000,0,0.88688,-283.871,0.694515,0.425
2910000,0,1.30907,-282.076,0.330165,0.42
2915000,0,1.26356,-283.151,0.205214,0.357
2920000,0,1.40878,-283.24,0.0847319,0.408
2925000,1,2.5146,-281.081,0.11475,0.434
2930000,0,0.730351,-282.307,0.91143,0.391
2935000,0,0.804411,-283.548,0.606436,0.385
2940000,0,1.4064,-283.243,0.0319702,0.42
2945000,0,1.48355,-282.178,0.122855,0.385
2950000,0,1.41098,-283.343,0.128062,0.446
2955000,1,1.89702,-280.232,0.195007,0.424
2960000,1,0.774248,-285.629,2.31251,0.439
2965000,0,1.02113,-282.111,0.626684,0.421
2970000,0,0.218086,-284.943,1.05041,0.353
2975000,0,1.24592,-283.076,0.208485,0.404
2980000,0,1.20478,-284.307,0.111387,0.413
2985000,0,1.64077,-282.167,0.0211539,0.405
2990000,1,-0.527295,-283.638,3.27242,0.371
2995000,0,1.29312,-282.519,0.282126,0.423
3000000,0,1.23345,-283.589,0.4459,0.383
3005000,0,0.679689,-284.046,0.714493,0.404
3010000,0,0.981704,-284.084,0.553429,0.429
3015000,0,1.29917,-282.647,0.290605,0.371
3020000,0,1.05352,-282.723,0.541524,0.424
3025000,1,1.18648,-280.011,1.21291,0.428
3030000,0,1.17759,-282.396,0.431556,0.377
3035000,0,0.987414,-282.488,0.583483,0.416
3040000,0,1.67995,-283.053,0.0102892,0.4
3045000,0,0.957326,-282.702,0.55789,0.37
3050000,0,1.19102,-282.596,0.332311,0.439
3055000,0,1.65198,-283.657,0.0129838,0.441
3060000,2,1.26758,-282.167,1.32555,0.423
3065000,1,1.23792,-281.108,0.817332,0.404
3070000,0,0.590422,-283.039,0.980088,0.337
3075000,0,1.15467,-285.716,0.0389741,0.393
3080000,0,1.34172,-283.565,0.054823,0.386
3085000,0,1.18315,-282.51,0.385641,0.366
3090000,0,0.670766,-282.504,0.869313,0.392
3095000,0,1.31422,-282.43,0.259424,0.372
3100000,0,0.997493,-282.124,0.640915,0.461
3105000,0,1.59936,-282.306,0.0568006,0.376
3110000,0,0.240432,-282.35,1.42248,0.429
3115000,0,1.32863,-282.214,0.287786,0.426
3120000,0,1.43983,-283.075,0.0310996,0.44
3125000,0,0.888952,-284.644,0.421728,0.389
3130000,0,0.719544,-283.372,0.880353,0.455
3135000,1,2.46768,-280.509,0.282254,0.386
3140000,0,1.33303,-282.156,0.277806,0.403
3145000,0,-0.928301,-283.103,2.56536,0.36
3150000,0,1.00116,-283.858,0.374744,0.383
3155000,0,1.37529,-285.266,0.204875,0.403
3160000,0,1.05889,-284.902,0.411101,0.384
3165000,0,1.12845,-283.196,0.321284,0.398
3170000,0,0.359226,-282.737,1.20925,0.384
3175000,0,0.801614,-284.584,0.729128,0.408
3180000,0,1.50662,-282.625,0.0306778,0.408
3185000,0,1.16843,-282.882,0.383037,0.439
3190000,0,1.47059,-282.272,0.12804,0.383
3195000,0,0.361804,-283.632,1.04151,0.428
3200000,1,-0.978374,-280.021,1.74449,0.366
3205000,0,0.836417,-282.115,0.797391,0.41
3210000,1,1.79258,-280.657,1.26654,0.437
3215000,0,0.798527,-282.828,0.695947,0.437
3220000,0,1.32238,-282.627,0.359266,0.449
3225000,0,1.4174,-282.531,0.160743,0.429
3230000,0,1.49767,-282.46,0.0666881,0.44
3235000,0,1.55938,-282.256,0.0622549,0.403
3240000,0,0.485098,-283.728,0.893359,0.408
3245000,0,1.04609,-282.276,0.543341,0.39
3250000,0,1.51155,-282.469,0.0811206,0.408
3255000,0,0.528666,-283.859,0.844704,0.415
3260000,0,-2.62599,-283.37,4.04344,0.326
3265000,1,2.04445,-280.22,0.486587,0.48
3270000,0,1.00541,-282.3,0.588,0.404
3275000,0,0.921192,-282.545,0.745284,0.38
3280000,0,1.22918,-282.187,0.426864,0.412
3285000,0,-2.09274,-282.479,3.63649,0.394
3290000,0,1.41475,-282.391,0.159401,0.417
3295000,0,1.20077,-282.931,0.337021,0.382
3300000,0,-0.427021,-284.625,2.10281,0.401
3305000,0,1.08354,-282.696,0.43806,0.389
3310000,1,3.17943,-279.196,0.045566,0.484
3315000,1,2.94949,-279.194,0.277977,0.535
3320000,1,0.161004,-279.922,2.18775,0.442
3325000,0,1.38583,-282.043,0.257355,0.378
3330000,0,1.30381,-283.038,0.156068,0.385
3335000,0,1.23145,-282.375,0.352205,0.439
3340000,0,1.18303,-285.587,0.0151972,0.386
3345000,1,0.526819,-279.23,1.80278,0.411
3350000,0,-0.296104,-282.954,1.79,0.388
3355000,1,1.30717,-281.911,0.585689,0.43
3360000,0,0.939286,-283.794,0.516846,0.411
3365000,0,0.960747,-284.781,0.419639,0.403
3370000,0,0.234716,-282.245,1.39334,0.411
3375000,0,0.519189,-283.964,1.00251,0.43
3380000,0,1.4722,-283.289,0.0199489,0.381
3385000,0,1.6094,-282.55,0.0079428,0.404
3390000,0,1.33744,-283.648,0.0459203,0.33
3395000,0,1.2299,-285.245,0.240381,0.352
3400000,0,0.851372,-282.813,0.675969,0.446
3405000,1,0.340446,-283.346,2.47589,0.419
3410000,0,0.650537,-282.735,0.899563,0.388
3415000,0,1.57021,-282.088,0.0588266,0.413
3420000,0,1.57096,-282.631,0.0433895,0.397
3425000,0,1.36982,-282.187,0.23708,0.434
3430000,0,0.726296,-283.162,0.945573,0.414
3435000,0,1.05076,-283.78,0.355283,0.421
3440000,3,2.57321,-284.93,1.38399,0.42
3445000,0,1.27172,-282.276,0.347098,0.397
3450000,0,1.55578,-282.489,0.072463,0.414
3455000,0,1.31283,-284.905,0.361401,0.408
3460000,0,1.2468,-284.14,0.104738,0.435
3465000,0,0.519082,-282.917,0.96096,0.372
3470000,1,2.55314,-280.946,0.600936,0.436
3475000,0,1.15651,-282.835,0.345836,0.417
3480000,0,0.354131,-283.752,1.01766,0.385
3485000,0,1.13449,-283.788,0.251428,0.394
3490000,0,0.995072,-282.307,0.585247,0.388
3495000,0,1.09526,-282.702,0.52475,0.443
3500000,1,2.202,-283.103,0.741034,0.38
3505000,0,0.732491,-283.96,0.645439,0.452
3510000,0,1.32851,-282.279,0.260252,0.426
3515000,1,2.50517,-280.401,0.405528,0.412
3520000,0,1.5113,-282.089,0.133979,0.423
3525000,1,0.586685,-279.94,0.474407,0.406
3530000,0,1.60796,-284.722,0.0455852,0.455
3535000,0,1.01534,-283.151,0.448095,0.345
3540000,0,1.39386,-283.515,0.0367528,0.338
3545000,2,2.17743,-283.814,1.40684,0.394
3550000,1,-0.639081,-284.038,1.54198,0.401
3555000,0,1.55522,-282.33,0.106621,0.421
3560000,0,1.20925,-284.203,0.309486,0.423
3565000,1,-0.930252,-283.594,2.62104,0.423
3570000,0,1.39946,-282.467,0.158744,0.436
3575000,0,0.407066,-282.317,1.16675,0.42
3580000,0,1.1183,-284.433,0.197037,0.463
3585000,0,-0.0402237,-282.664,1.63033,0.405
3590000,0,1.1282,-282.958,0.356597,0.38
3595000,1,0.758123,-279.341,1.18747,0.403
3600000,0,-2.48682,-283.081,4.00489,0.389
3605000,0,1.30968,-284.049,0.133215,0.418
3610000,0,1.45949,-282.446,0.0915996,0.41
3615000,0,0.0842823,-282.535,1.4549,0.405
3620000,0,0.452321,-283.108,1.02567,0.356
3625000,0,0.643605,-284.037,0.897871,0.414
3630000,0,1.64207,-283.838,0.0326667,0.387
3635000,0,0.977484,-283.181,0.502593,0.382
3640000,3,2.53908,-279.191,2.07228,0.427
3645000,1,1.49921,-280.714,1.0251,0.419
3650000,0,0.977245,-282.985,0.642343,0.402
3655000,0,1.46969,-282.732,0.0360178,0.446
3660000,0,1.03363,-283.492,0.383123,0.393
3665000,0,1.28318,-282.696,0.225232,0.38
3670000,0,1.3475,-283.719,0.0522477,0.369
3675000,0,0.597479,-283.668,0.840483,0.413
3680000,0,1.27689,-282.613,0.295591,0.399
3685000,0,0.394821,-283.197,1.14794,0.417
3690000,0,0.337043,-285.6,1.01876,0.407
3695000,0,1.47687,-282.726,0.199244,0.401
3700000,0,1.64953,-282.052,0.00040538,0.428
3705000,0,1.42659,-282.43,0.140605,0.406
3710000,0,0.80899,-284.87,0.467009,0.415
3715000,1,1.03435,-283.933,0.316174,0.381
3720000,0,1.36809,-282.114,0.263618,0.439
3725000,0,1.33435,-284.383,0.0225464,0.38
3730000,0,1.50352,-282.822,0.0518955,0.427
3735000,0,1.30422,-284.858,0.250494,0.396
3740000,0,1.23712,-285.375,0.11346,0.406
3745000,1,-0.759623,-284.634,0.806511,0.387
3750000,0,0.847308,-283.295,0.587767,0.367
3755000,0,1.45065,-282.595,0.208348,0.419
3760000,0,1.21377,-282.228,0.395127,0.417
3765000,0,0.856246,-283.004,0.631039,0.4
3770000,1,0.037178,-281.706,0.837459,0.352
3775000,0,1.51983,-282.664,0.0470986,0.418
3780000,0,1.19638,-283.503,0.370361,0.348
3785000,0,1.61159,-282.53,0.0115811,0.423
3790000,0,0.531829,-282.685,0.977381,0.381
3795000,0,1.3523,-283.308,0.233455,0.383
3800000,0,1.12289,-283.941,0.231617,0.387
3805000,1,2.68518,-283.673,0.531329,0.419
3810000,0,0.954749,-282.255,0.638309,0.372
3815000,0,1.2811,-283.622,0.202147,0.404
3820000,1,2.52508,-279.822,0.651358,0.373
3825000,0,1.60034,-282.17,0.0257634,0.445
3830000,0,1.52635,-282.42,0.0336445,0.381
3835000,1,-0.525068,-284.557,2.01362,0.414
3840000,0,1.44188,-283.013,0.0198082,0.381
3845000,1,1.46143,-284.258,1.21044,0.426
3850000,1,1.32555,-279.867,0.790777,0.461
3855000,1,2.85278,-279.229,0.495113,0.428
3860000,1,1.94066,-283.015,0.408944,0.378
3865000,0,1.36756,-282.776,0.136919,0.394
3870000,0,1.07901,-282.123,0.540707,0.431
3875000,0,0.783202,-283.123,0.664065,0.405
3880000,0,0.721478,-282.621,0.803008,0.402
3885000,0,-0.117729,-283.737,1.68403,0.4
3890000,0,1.02184,-283.051,0.43515,0.451
3895000,0,0.899972,-284.272,0.447707,0.399
3900000,0,1.18161,-283.042,0.338084,0.385
3905000,0,0.562594,-282.238,1.09168,0.428
3910000,0,1.24634,-283.77,0.134628,0.415
3915000,0,0.972473,-282.506,0.644836,0.405
3920000,0,0.446254,-285.733,0.924398,0.433
3925000,0,1.52222,-283.527,0.028633,0.401
3930000,0,1.11832,-283.196,0.340208,0.426
3935000,0,0.897582,-285.094,0.637305,0.393
3940000,1,1.87834,-283.382,1.04761,0.424
3945000,0,-0.960349,-284.293,2.2767,0.403
3950000,0,1.38833,-282.44,0.223797,0.409
3955000,0,1.48178,-282.748,0.0246258,0.396
3960000,0,1.58028,-282.175,0.0477297,0.4
3965000,0,-0.081072,-282.909,1.57706,0.399
3970000,0,1.53887,-282.539,0.00581203,0.414
3975000,0,1.04742,-282.618,0.489157,0.426
3980000,0,1.64306,-282.35,0.021631,0.384
3985000,0,0.916569,-282.392,0.669828,0.419
3990000,0,1.07378,-283.444,0.482365,0.392
3995000,0,0.909312,-282.2,0.726209,0.413
4000000,1,0.483549,-283.1,1.33902,0.376
4005000,0,0.420903,-284.878,1.1132,0.377
4010000,0,0.919005,-282.377,0.653398,0.391
4015000,0,-0.490516,-282.521,2.02714,0.422
4020000,0,1.01258,-284.077,0.538093,0.366
4025000,1,1.86614,-283.675,1.28528,0.43
4030000,0,0.906233,-284.534,0.621013,0.396
4035000,6,3.5565,-281.137,1.0659,0.455
4040000,0,1.2876,-282.737,0.339931,0.406
4045000,0,1.38997,-283.369,0.0389708,0.389
4050000,0,1.43046,-283.739,0.102413,0.374
4055000,0,1.47139,-282.282,0.152542,0.412
4060000,1,1.49699,-280.684,0.757761,0.394
4065000,0,1.23948,-282.173,0.371257,0.403
4070000,0,1.07232,-282.209,0.525375,0.4
4075000,1,1.81841,-283.662,1.01878,0.368
4080000,0,1.6032,-282.249,0.0700968,0.396
4085000,0,1.15549,-282.215,0.5142,0.429
4090000,0,1.14982,-282.708,0.355715,0.443
4095000,0,0.658843,-283.081,0.889953,0.413
4100000,0,0.786466,-284.774,0.484716,0.371
4105000,0,1.30536,-283.898,0.264418,0.414
4110000,0,0.609572,-283.258,0.834782,0.418
4115000,0,1.36772,-282.894,0.140846,0.418
4120000,0,1.07763,-283.584,0.331818,0.432
4125000,0,1.36136,-283.189,0.1114,0.403
4130000,0,0.827668,-282.962,0.691563,0.443
4135000,0,1.06043,-283.617,0.327269,0.421
4140000,0,1.22723,-283.605,0.180614,0.376
4145000,0,0.642414,-282.88,0.951572,0.39
4150000,0,1.29107,-282.801,0.261663,0.395
4155000,1,3.1976,-279.792,0.259932,0.418
4160000,0,1.43505,-282.694,0.200352,0.368
4165000,0,0.968642,-285.08,0.626103,0.41
4170000,0,0.914556,-284.329,0.428527,0.397
4175000,0,1.34289,-282.328,0.234559,0.462
4180000,0,1.3117,-283.196,0.143506,0.376
4185000,0,1.4998,-282.19,0.135624,0.387
4190000,0,0.952833,-282.154,0.679176,0.392
4195000,0,1.24673,-282.984,0.233852,0.392
4200000,0,-0.652491,-284.334,2.03782,0.404
4205000,0,0.85426,-283.513,0.56377,0.364
4210000,0,0.576062,-282.177,1.02921,0.392
4215000,0,1.60685,-282.171,0.000904199,0.433
4220000,0,1.47277,-283.026,0.00341771,0.39
4225000,0,0.927854,-284.171,0.403733,0.352
4230000,0,0.641257,-282.837,0.847051,0.432
4235000,0,0.632068,-282.514,0.943193,0.349
4240000,0,0.833787,-284.318,0.643331,0.467
4245000,0,1.44622,-282.528,0.13891,0.396
4250000,0,1.13704,-284.601,0.426465,0.395
4255000,0,1.59421,-282.198,0.0169367,0.416
4260000,0,1.42536,-282.862,0.0778307,0.4
4265000,0,0.728951,-282.049,0.931191,0.408
4270000,1,1.1982,-282.239,1.79623,0.382
4275000,1,2.10545,-282.011,0.465014,0.429
4280000,0,0.88674,-284.567,0.529464,0.388
4285000,0,0.466281,-283.928,1.01151,0.375
4290000,0,1.21512,-282.805,0.277579,0.444
4295000,0,0.879275,-285.972,0.297934,0.4
4300000,2,1.55897,-282.566,1.27539,0.405
4305000,0,1.309,-282.775,0.276535,0.435
4310000,0,0.982581,-284.189,0.400789,0.412
4315000,0,1.10103,-284.746,0.436105,0.411
4320000,0,1.0535,-283.746,0.340642,0.435
4325000,0,1.61969,-282.675,0.00977907,0.439
4330000,0,1.01293,-282.823,0.491092,0.403
4335000,1,1.34804,-282.077,0.89879,0.389
4340000,0,1.6227,-282.416,0.0382631,0.392
4345000,0,1.48429,-285.322,0.00850214,0.41
4350000,0,1.32589,-282.538,0.209877,0.414
4355000,2,-0.80872,-284.179,4.76399,0.403
4360000,1,1.77007,-279.786,0.625824,0.415
4365000,1,0.164609,-279.135,1.78631,0.453
4370000,0,1.57099,-282.348,0.0219737,0.418
4375000,0,1.47204,-282.705,0.0569594,0.398
4380000,0,1.32931,-283.775,0.145646,0.381
4385000,1,0.442041,-283.936,1.17713,0.421
4390000,1,-1.09173,-279.877,0.72037,0.434
4395000,1,2.18467,-281.923,0.331872,0.409
4400000,0,-0.0722376,-284.57,1.36122,0.389
4405000,0,1.47715,-283.456,0.0259118,0.389
4410000,0,1.12185,-283.076,0.332391,0.412
4415000,0,1.42933,-282.042,0.216452,0.418
4420000,0,1.23295,-282.265,0.37134,0.336
4425000,0,1.57228,-282.188,0.0308906,0.391
4430000,0,0.165602,-282.471,1.41952,0.396
4435000,0,1.5001,-283.15,0.0407869,0.406
4440000,0,1.09966,-282.484,0.50044,0.415
4445000,0,0.861602,-282.343,0.711343,0.38
4450000,0,1.31287,-282.424,0.241376,0.437
4455000,0,1.28354,-282.688,0.2301,0.449
4460000,0,0.911754,-282.742,0.636352,0.4
4465000,0,0.902529,-283.696,0.554643,0.423
4470000,0,0.893528,-283.814,0.679677,0.422
4475000,0,0.782806,-282.149,0.855502,0.419
4480000,1,2.6092,-287.633,0.424182,0.354
4485000,0,1.37253,-283.667,0.284272,0.36
4490000,1,-0.958162,-283.538,0.330145,0.416
4495000,1,0.60353,-284.612,0.62523,0.469
4500000,0,1.00857,-282.952,0.462623,0.358
4505000,0,1.29662,-282.425,0.25982,0.425
4510000,0,0.707754,-282.765,0.795464,0.414
4515000,0,0.0582896,-282.121,1.57344,0.431
4520000,0,-0.0372081,-282.52,1.6255,0.383
4525000,0,1.39213,-282.485,0.180138,0.373
4530000,0,0.34218,-282.798,1.15002,0.415
4535000,0,0.326617,-282.714,1.17947,0.419
4540000,0,0.935745,-283.149,0.509619,0.406
4545000,0,1.64603,-283.936,0.0205637,0.401
4550000,0,0.877988,-282.624,0.673607,0.405
4555000,0,-0.263065,-283.571,1.81049,0.402
4560000,0,0.625698,-284.133,0.962722,0.357
4565000,0,1.53674,-282.848,0.0166117,0.398
4570000,0,1.21009,-282.771,0.28588,0.41
4575000,0,1.0521,-284.907,0.57395,0.41
4580000,1,1.74128,-283.405,0.941987,0.41
4585000,0,0.533718,-283.68,0.873489,0.397
4590000,0,0.358715,-283.388,1.07234,0.383
4595000,0,0.922232,-283.069,0.669255,0.386
4600000,0,1.51506,-283.274,0.0672978,0.408
4605000,0,1.27357,-283.625,0.261091,0.373
4610000,1,1.94476,-284.796,0.159225,0.426
4615000,0,1.33232,-282.783,0.184685,0.397
4620000,0,1.27081,-284.032,0.0755977,0.436
4625000,0,1.42121,-282.756,0.0779919,0.41
4630000,0,0.22835,-282.408,1.36505,0.353
4635000,1,1.37014,-279.298,0.639417,0.43
4640000,0,1.09571,-282.218,0.535585,0.405
4645000,0,0.610268,-283.358,1.00066,0.412
4650000,0,1.47378,-282.254,0.113731,0.423
4655000,0,0.332065,-283.674,1.25745,0.446
4660000,0,1.59914,-282.997,0.024265,0.406
4665000,0,0.344007,-282.148,1.27445,0.403
4670000,0,0.823133,-283.574,0.608467,0.377
4675000,0,1.19996,-282.872,0.34587,0.381
4680000,0,1.41317,-282.488,0.183289,0.428
4685000,0,1.00286,-283.325,0.638211,0.41
4690000,0,1.2947,-282.13,0.333397,0.399
4695000,1,0.609801,-282.992,1.2349,0.416
4700000,0,1.55959,-282.357,0.10108,0.413
4705000,0,0.402744,-284.027,1.09163,0.381
4710000,0,0.377848,-286.224,0.763656,0.365
4715000,0,1.53582,-282.638,0.0988217,0.423
4720000,0,0.608297,-284.675,1.04454,0.39
4725000,0,1.58163,-282.269,0.00417467,0.448
4730000,0,1.09465,-282.189,0.5345,0.42
4735000,0,0.588516,-282.486,0.959047,0.367
4740000,0,1.14507,-285.343,0.116518,0.408
4745000,0,1.34784,-283.362,0.14383,0.42
4750000,0,-0.479861,-283.005,1.98914,0.371
4755000,0,1.36359,-283.095,0.282846,0.435
4760000,1,-0.7582,-284.574,1.48417,0.401
4765000,0,1.37977,-282.25,0.213936,0.375
4770000,0,1.45065,-282.234,0.161518,0.392
4775000,1,2.73998,-280.527,0.519184,0.451
4780000,0,1.30251,-282.693,0.228304,0.393
4785000,0,1.0333,-283.668,0.486477,0.381
4790000,0,1.44162,-282.919,0.136081,0.413
4795000,0,-1.16384,-283.876,2.71494,0.399
4800000,0,1.42826,-283.188,0.0500326,0.396
4805000,0,0.931419,-285.809,0.46832,0.373
4810000,0,1.20484,-282.202,0.394345,0.379
4815000,0,1.1936,-283.454,0.317758,0.455
4820000,0,1.41365,-282.28,0.226626,0.409
4825000,1,2.29172,-282.548,0.315304,0.391
4830000,0,1.51284,-282.298,0.0841551,0.399
4835000,0,1.36694,-282.858,0.168735,0.382
4840000,0,1.43094,-282.552,0.221326,0.447
4845000,0,0.827221,-283.176,0.856075,0.433
4850000,1,2.44219,-280.482,0.704713,0.356
4855000,0,1.27369,-283.383,0.162096,0.429
4860000,0,1.51555,-282.359,0.114957,0.387
4865000,0,1.43194,-282.059,0.207298,0.403
4870000,0,0.318119,-282.74,1.27657,0.423
4875000,1,1.47021,-280.327,0.838826,0.372
4880000,0,1.15325,-283.095,0.420626,0.411
4885000,0,1.4656,-282.536,0.139819,0.425
4890000,2,3.52487,-280.655,0.90707,0.486
4895000,0,1.35552,-282.809,0.208218,0.423
4900000,0,1.39337,-284.567,0.153287,0.439
4905000,0,1.13774,-283.679,0.301241,0.381
4910000,1,1.12916,-279.854,0.29227,0.424
4915000,1,1.91412,-281.126,1.03797,0.411
4920000,0,1.35781,-282.271,0.25378,0.439
4925000,1,-1.51178,-283.889,2.13122,0.435
4930000,0,1.44019,-282.599,0.166973,0.421
4935000,0,1.14117,-282.981,0.354788,0.436
4940000,0,1.46877,-282.811,0.0265555,0.413
4945000,0,1.47449,-282.772,0.112274,0.386
4950000,0,-0.184631,-283.248,1.65068,0.431
4955000,0,0.870592,-283.46,0.535391,0.439
4960000,0,-0.441193,-288.342,1.732,0.428
4965000,0,1.06674,-283.027,0.447508,0.319
4970000,0,1.43398,-284.744,0.252928,0.361
4975000,0,1.28135,-282.672,0.231211,0.402
4980000,0,1.35032,-282.998,0.119498,0.399
4985000,0,1.48727,-285.193,0.0474584,0.355
4990000,0,-0.0397223,-282.037,1.6931,0.456
4995000,0,1.46382,-282.214,0.147204,0.4
