generation,N_shifts,logPrior,logLik,eventRate,preservationRate,acceptRate
0,0,-1,-647.669,1,0.021928,0
10000,0,-0.343354,-524.598,0.343354,0.0106442,0.34
20000,0,-0.297857,-524.54,0.297857,0.0139413,0.396
30000,0,-0.89885,-523.308,0.89885,0.0141624,0.312
40000,1,-0.204935,-523.901,1.29674,0.0103418,0.38
50000,0,-0.300055,-525.444,0.300055,0.0102485,0.394
60000,0,-0.253257,-524.106,0.253257,0.0120266,0.39
70000,2,-1.06567,-525.033,2.12627,0.0103287,0.384
80000,2,0.994936,-525.376,2.32107,0.0117118,0.34
90000,0,-0.0362634,-523.869,0.0362634,0.0133198,0.361
100000,0,-0.8148,-525.732,0.8148,0.0148701,0.365
110000,0,-0.415472,-524.335,0.415472,0.0128969,0.338
120000,0,-0.87487,-526.419,0.87487,0.0165039,0.368
130000,1,-1.43223,-523.599,3.15656,0.0126953,0.396
140000,0,-0.404316,-524.535,0.404316,0.0119021,0.366
150000,1,-0.308334,-523.566,2.50289,0.013355,0.379
160000,0,-0.0683306,-523.491,0.0683306,0.0146522,0.334
170000,1,1.0206,-523.483,1.37977,0.010217,0.376
180000,0,-0.119555,-526.871,0.119555,0.0110386,0.358
190000,0,-0.298164,-524.512,0.298164,0.00969971,0.346
200000,1,1.37962,-524.307,0.511558,0.0119885,0.405
210000,0,-0.340967,-526.448,0.340967,0.00805875,0.351
220000,0,-0.129868,-526.346,0.129868,0.0198438,0.354
230000,1,1.46479,-522.939,1.06972,0.0134804,0.383
240000,1,-0.470394,-524.99,1.08099,0.0141108,0.361
250000,0,-0.115955,-523.848,0.115955,0.0124194,0.431
260000,1,1.48147,-525.535,0.661144,0.0154554,0.378
270000,1,0.897332,-524.19,1.45022,0.0120802,0.439
280000,0,-0.748413,-525.009,0.748413,0.00993847,0.346
290000,0,-0.941801,-525.792,0.941801,0.0147914,0.363
300000,0,-0.00310938,-523.691,0.00310938,0.0142997,0.333
310000,0,-0.15182,-524.207,0.15182,0.0108948,0.382
320000,0,-1.27737,-524.393,1.27737,0.013637,0.367
330000,0,-0.16688,-523.203,0.16688,0.0133469,0.36
340000,0,-1.11456,-523.957,1.11456,0.0127508,0.362
350000,1,-0.147304,-526.835,0.884008,0.0170895,0.352
360000,0,-0.512972,-525.259,0.512972,0.0185476,0.381
370000,0,-0.473298,-523.532,0.473298,0.0139674,0.328
380000,2,0.730554,-524.089,0.473155,0.0119451,0.352
390000,0,-0.703343,-523.965,0.703343,0.0110151,0.361
400000,2,0.777197,-527.178,0.943425,0.017768,0.349
410000,0,-0.21182,-523.842,0.21182,0.0120679,0.379
420000,0,-0.0883735,-528.616,0.0883735,0.00904096,0.36
430000,0,-0.623472,-524.909,0.623472,0.00927128,0.38
440000,0,-0.211618,-524.529,0.211618,0.0173271,0.382
450000,0,-0.299196,-523.274,0.299196,0.0135965,0.401
460000,0,-0.484746,-525.506,0.484746,0.0185131,0.349
470000,0,-2.33417,-524.295,2.33417,0.00960466,0.403
480000,1,0.105329,-524.416,1.39833,0.0145065,0.402
490000,0,-1.00592,-523.409,1.00592,0.0141159,0.4
500000,0,-0.0206377,-524.331,0.0206377,0.0110304,0.387
510000,0,-1.11724,-525.298,1.11724,0.0104213,0.407
520000,2,4.0872,-525.349,0.68523,0.00981595,0.341
530000,1,0.472693,-524.084,1.85313,0.0103422,0.397
540000,0,-0.849076,-524.284,0.849076,0.0154514,0.376
550000,1,1.15129,-524.274,0.699234,0.0125037,0.359
560000,1,0.17317,-524.786,0.93669,0.0114071,0.411
570000,0,-0.409805,-526.222,0.409805,0.00813976,0.368
580000,1,1.41126,-527.23,0.485744,0.00930677,0.373
590000,0,-0.330657,-524.341,0.330657,0.015965,0.354
600000,0,-0.00141881,-526.383,0.00141881,0.00933789,0.377
610000,0,-0.164219,-524.968,0.164219,0.0140286,0.332
620000,0,-0.6412,-525.002,0.6412,0.00911996,0.382
630000,1,0.996966,-523.998,0.305545,0.0110526,0.358
640000,0,-0.344791,-523.687,0.344791,0.0103361,0.374
650000,0,-0.390744,-523.76,0.390744,0.0131173,0.355
660000,0,-0.442871,-525.869,0.442871,0.015618,0.38
670000,0,-0.0499303,-524.047,0.0499303,0.0163028,0.377
680000,0,-0.00105612,-526.192,0.00105612,0.00796459,0.354
690000,3,5.11117,-528.721,1.07239,0.0146176,0.353
700000,1,-2.05948,-528.079,0.824617,0.0140983,0.372
710000,0,-1.16236,-523.486,1.16236,0.014306,0.414
720000,0,-0.721905,-525.084,0.721905,0.0125189,0.354
730000,0,-0.244011,-524.333,0.244011,0.0127661,0.379
740000,0,-0.190553,-524.89,0.190553,0.0135359,0.351
750000,1,-1.83743,-522.977,2.72307,0.0125467,0.402
760000,1,-0.139508,-524.43,0.684373,0.0145117,0.355
770000,0,-0.0378757,-524.009,0.0378757,0.0141832,0.37
780000,0,-0.65084,-524.34,0.65084,0.0133796,0.37
790000,0,-2.34822,-524.027,2.34822,0.0120835,0.365
800000,2,1.1796,-526.239,2.11455,0.0124397,0.342
810000,1,0.510297,-524.445,0.969999,0.0129874,0.356
820000,1,0.793364,-523.421,0.216454,0.0129168,0.356
830000,0,-1.30244,-524.704,1.30244,0.0123278,0.395
840000,1,1.04874,-525.644,0.709605,0.0121183,0.388
850000,0,-3.00531,-525.35,3.00531,0.0164179,0.37
860000,0,-0.00108769,-523.289,0.00108769,0.0140325,0.319
870000,0,-0.287324,-525.311,0.287324,0.0116397,0.365
880000,0,-0.487198,-523.398,0.487198,0.0124678,0.325
890000,0,-0.423794,-525.017,0.423794,0.0169321,0.367
900000,1,2.24125,-522.683,0.209685,0.0134593,0.42
910000,0,-0.202082,-524.263,0.202082,0.0135528,0.352
920000,0,-0.794911,-523.199,0.794911,0.0132233,0.365
930000,0,-0.139456,-524.844,0.139456,0.0126362,0.396
940000,0,-0.792796,-523.957,0.792796,0.013752,0.346
950000,0,-0.203016,-525.417,0.203016,0.0103344,0.363
960000,0,-1.55664,-525.155,1.55664,0.00830315,0.37
970000,0,-0.317985,-524.806,0.317985,0.01045,0.406
980000,0,-1.19818,-524.993,1.19818,0.0151097,0.41
990000,0,-0.284543,-523.819,0.284543,0.0120874,0.382
1000000,0,-0.572942,-523.492,0.572942,0.0112438,0.354
1010000,0,-2.26698,-524.797,2.26698,0.00861848,0.359
1020000,0,-1.42877,-531.214,1.42877,0.025275,0.341
1030000,0,-0.211442,-523.583,0.211442,0.014469,0.358
1040000,2,2.96547,-523.551,1.66138,0.0130795,0.373
1050000,0,-0.25092,-524.363,0.25092,0.0125307,0.444
1060000,0,-1.6629,-523.41,1.6629,0.0126003,0.389
1070000,0,-0.230994,-525.232,0.230994,0.011193,0.36
1080000,0,-0.544978,-525.829,0.544978,0.0109885,0.352
1090000,0,-0.169506,-524.202,0.169506,0.0124425,0.396
1100000,0,-0.74021,-523.982,0.74021,0.0122736,0.399
1110000,0,-0.681833,-523.935,0.681833,0.0111216,0.342
1120000,0,-0.0399137,-526.004,0.0399137,0.0100307,0.358
1130000,0,-1.269,-523.833,1.269,0.0108846,0.404
1140000,0,-0.549593,-526.649,0.549593,0.00946108,0.347
1150000,0,-0.0707153,-523.46,0.0707153,0.0133614,0.341
1160000,0,-0.0567531,-523.744,0.0567531,0.0106324,0.364
1170000,0,-0.272932,-524.099,0.272932,0.0134786,0.333
1180000,1,0.309775,-528.253,0.589169,0.0170553,0.361
1190000,0,-0.231398,-524.941,0.231398,0.0152661,0.353
1200000,0,-0.286351,-524.999,0.286351,0.0130432,0.363
1210000,0,-0.477556,-527.478,0.477556,0.0190121,0.354
1220000,0,-1.57835,-523.264,1.57835,0.0134459,0.372
1230000,0,-0.460623,-525.93,0.460623,0.0139364,0.336
1240000,0,-0.109942,-525.202,0.109942,0.0152759,0.359
1250000,0,-0.905571,-524.322,0.905571,0.00944388,0.405
1260000,0,-0.132252,-523.315,0.132252,0.011909,0.366
1270000,0,-0.816155,-525.2,0.816155,0.00999276,0.364
1280000,0,-0.167103,-524.69,0.167103,0.0151156,0.367
1290000,0,-0.160605,-523.508,0.160605,0.0109261,0.381
1300000,0,-0.270894,-524.046,0.270894,0.0127712,0.358
1310000,1,1.86679,-526.741,0.453262,0.0178491,0.339
1320000,0,-0.281052,-526.856,0.281052,0.011333,0.327
1330000,1,1.18482,-524.657,0.284174,0.00981301,0.381
1340000,2,-0.995238,-526.297,1.92766,0.0103926,0.37
1350000,1,1.34567,-525.881,0.95241,0.010254,0.377
1360000,1,1.12219,-523.895,0.641104,0.011585,0.395
1370000,0,-0.00655475,-524.653,0.00655475,0.01301,0.373
1380000,2,0.0848764,-524.449,1.20389,0.0126286,0.374
1390000,0,-1.0527,-525.8,1.0527,0.0106933,0.373
1400000,0,-0.771671,-525.583,0.771671,0.0177612,0.373
1410000,0,-2.26973,-524.645,2.26973,0.0159164,0.386
1420000,0,-0.131174,-524.495,0.131174,0.0117466,0.331
1430000,1,1.80608,-523.99,0.667444,0.0146123,0.342
1440000,0,-0.159198,-523.978,0.159198,0.011822,0.351
1450000,0,-0.323045,-523.956,0.323045,0.0111782,0.399
1460000,0,-0.0899723,-523.633,0.0899723,0.0120563,0.356
1470000,1,0.403372,-526.722,1.84678,0.00722071,0.388
1480000,1,-0.795159,-527.036,1.24121,0.00989489,0.379
1490000,1,0.756648,-523.511,1.85744,0.0103514,0.382
1500000,0,-0.0813411,-523.295,0.0813411,0.0137954,0.339
1510000,1,0.96762,-524.331,0.681757,0.00980994,0.362
1520000,0,-0.613295,-524.03,0.613295,0.0119252,0.332
1530000,0,-0.305342,-523.229,0.305342,0.0127202,0.352
1540000,0,-0.185984,-524.743,0.185984,0.0174231,0.355
1550000,0,-0.605758,-523.441,0.605758,0.0130155,0.395
1560000,1,-1.06666,-526.058,1.39899,0.0128245,0.361
1570000,0,-1.02293,-527.227,1.02293,0.0202523,0.364
1580000,0,-0.112595,-523.447,0.112595,0.0138013,0.376
1590000,0,-0.914273,-523.928,0.914273,0.014843,0.405
1600000,0,-0.528596,-524.161,0.528596,0.0112039,0.371
1610000,0,-0.301613,-524.152,0.301613,0.0101489,0.369
1620000,1,-0.170178,-523.648,0.428683,0.0109379,0.379
1630000,0,-0.540649,-523.974,0.540649,0.0101964,0.402
1640000,0,-1.21197,-524,1.21197,0.0105483,0.372
1650000,0,-0.362143,-523.839,0.362143,0.0100479,0.406
1660000,0,-0.823835,-523.423,0.823835,0.0110703,0.311
1670000,2,-0.661766,-523.845,2.85937,0.0134326,0.382
1680000,0,-0.127706,-525.357,0.127706,0.00964037,0.375
1690000,0,-0.0490251,-523.317,0.0490251,0.0113676,0.406
1700000,1,-1.44456,-525.934,2.743,0.0110065,0.405
1710000,0,-0.573707,-527.596,0.573707,0.00998731,0.372
1720000,0,-1.26361,-524.168,1.26361,0.0129661,0.369
1730000,0,-0.533762,-524.805,0.533762,0.00932825,0.379
1740000,1,-5.76509,-523.426,5.34145,0.0154875,0.336
1750000,0,-0.171415,-523.307,0.171415,0.0131182,0.361
1760000,0,-0.31097,-523.545,0.31097,0.0137234,0.36
1770000,0,-0.128134,-523.724,0.128134,0.0105821,0.328
1780000,1,0.460426,-525.14,0.781549,0.0136661,0.359
1790000,0,-0.239588,-523.639,0.239588,0.0124097,0.358
1800000,0,-0.971512,-523.701,0.971512,0.0108595,0.39
1810000,0,-1.06665,-523.876,1.06665,0.0124682,0.347
1820000,0,-0.0619945,-524.846,0.0619945,0.0112386,0.344
1830000,0,-0.578515,-525.631,0.578515,0.0184222,0.351
1840000,0,-0.551173,-523.99,0.551173,0.00991353,0.386
1850000,0,-1.51447,-524.167,1.51447,0.00986976,0.406
1860000,1,1.85866,-524.153,0.550717,0.00941324,0.35
1870000,1,1.03526,-523.079,1.43136,0.0123762,0.375
1880000,0,-0.682998,-525.272,0.682998,0.0142132,0.36
1890000,0,-0.686473,-525.989,0.686473,0.0142751,0.42
1900000,0,-0.763439,-524.38,0.763439,0.0165137,0.316
1910000,0,-0.168016,-524.099,0.168016,0.0138822,0.324
1920000,0,-0.879933,-523.462,0.879933,0.0114727,0.408
1930000,0,-0.928919,-524.841,0.928919,0.0168655,0.347
1940000,0,-0.192057,-527.573,0.192057,0.0153147,0.331
1950000,0,-0.336757,-527.246,0.336757,0.00854974,0.354
1960000,1,-1.15531,-527.703,0.175201,0.0126461,0.349
1970000,0,-0.155033,-524.442,0.155033,0.00977536,0.36
1980000,0,-0.311169,-523.744,0.311169,0.0109783,0.402
1990000,0,-0.512726,-523.639,0.512726,0.012095,0.403
2000000,0,-0.296871,-523.859,0.296871,0.0121006,0.388
2010000,0,-0.297567,-527.507,0.297567,0.0150168,0.362
2020000,1,2.28836,-524.374,0.307279,0.0144711,0.381
2030000,1,1.24899,-524.645,0.757081,0.0111969,0.362
2040000,0,-0.116672,-523.956,0.116672,0.013891,0.383
2050000,1,1.56938,-525.831,0.942124,0.0104346,0.376
2060000,0,-0.376834,-524.105,0.376834,0.0129722,0.387
2070000,0,-0.224606,-524.41,0.224606,0.0145471,0.38
2080000,1,1.16018,-523.682,0.540971,0.0111898,0.339
2090000,2,-3.23926,-527.172,1.97233,0.0117685,0.38
2100000,1,-0.696415,-524.544,1.78413,0.0104907,0.385
2110000,0,-0.172219,-527.925,0.172219,0.00903178,0.346
2120000,2,2.40844,-525.985,0.836527,0.0102421,0.378
2130000,0,-1.70683,-523.661,1.70683,0.0153579,0.375
2140000,0,-1.63558,-523.93,1.63558,0.0150222,0.363
2150000,0,-2.03427,-525.225,2.03427,0.0129124,0.385
2160000,0,-1.11294,-525.828,1.11294,0.00968487,0.391
2170000,0,-0.31493,-524.222,0.31493,0.0132243,0.33
2180000,0,-2.42264,-525.409,2.42264,0.0111045,0.389
2190000,0,-0.601925,-527.619,0.601925,0.0110764,0.345
2200000,0,-2.20081,-524.508,2.20081,0.0148959,0.371
2210000,0,-1.12047,-525.571,1.12047,0.00798492,0.401
2220000,0,-0.00999967,-525.469,0.00999967,0.0165982,0.397
2230000,1,1.96428,-522.596,0.703851,0.0084553,0.369
2240000,0,-0.0622863,-524.812,0.0622863,0.010367,0.366
2250000,0,-0.509034,-524.656,0.509034,0.0147407,0.34
2260000,0,-0.179265,-524.574,0.179265,0.015343,0.384
2270000,0,-0.283697,-525.271,0.283697,0.00821646,0.448
2280000,0,-1.17157,-523.966,1.17157,0.016037,0.329
2290000,0,-0.45103,-524.071,0.45103,0.0141471,0.357
2300000,0,-0.157308,-524.829,0.157308,0.0105574,0.392
2310000,0,-0.287419,-524.956,0.287419,0.0130936,0.369
2320000,0,-0.605579,-524.62,0.605579,0.0120653,0.34
2330000,0,-0.279675,-525.573,0.279675,0.00908736,0.366
2340000,1,1.40344,-526.388,0.691838,0.0196746,0.344
2350000,1,1.5538,-523.472,0.890509,0.0120968,0.359
2360000,0,-0.16526,-523.972,0.16526,0.0107708,0.36
2370000,1,0.586312,-525.009,1.63895,0.00954462,0.427
2380000,1,1.20393,-525.952,0.650361,0.0166844,0.359
2390000,1,-4.18181,-526.026,1.31118,0.00967444,0.358
2400000,0,-0.0191722,-525.97,0.0191722,0.00973684,0.419
2410000,0,-0.421072,-523.416,0.421072,0.0136816,0.35
2420000,0,-0.480082,-524.4,0.480082,0.0116679,0.35
2430000,0,-0.584801,-527.12,0.584801,0.0122022,0.368
2440000,0,-0.645648,-523.389,0.645648,0.0112629,0.344
2450000,1,1.10749,-524.448,1.04009,0.0162411,0.415
2460000,0,-0.0864891,-528.205,0.0864891,0.00717944,0.354
2470000,1,1.67641,-525.175,0.430434,0.00979926,0.359
2480000,0,-0.306331,-524.467,0.306331,0.00913755,0.386
2490000,0,-0.798006,-524.099,0.798006,0.0135178,0.417
2500000,0,-0.683843,-523.65,0.683843,0.0133883,0.359
2510000,0,-0.13189,-524.204,0.13189,0.0161626,0.357
2520000,0,-0.346906,-523.868,0.346906,0.011057,0.372
2530000,0,-0.527627,-523.676,0.527627,0.0113456,0.324
2540000,0,-0.0988468,-524.787,0.0988468,0.0109349,0.346
2550000,0,-0.346154,-523.207,0.346154,0.0135829,0.373
2560000,0,-0.42554,-523.434,0.42554,0.0114135,0.348
2570000,0,-1.10667,-523.68,1.10667,0.0117534,0.336
2580000,0,-0.0255899,-527.602,0.0255899,0.0178105,0.428
2590000,0,-0.0928847,-523.64,0.0928847,0.0127113,0.367
2600000,2,3.2307,-524.432,0.294191,0.010798,0.39
2610000,0,-1.30751,-525.452,1.30751,0.0153049,0.359
2620000,0,-0.300823,-523.563,0.300823,0.0107133,0.338
2630000,0,-0.0248435,-523.487,0.0248435,0.0127258,0.39
2640000,0,-0.587084,-523.691,0.587084,0.0148262,0.378
2650000,0,-0.00558572,-523.147,0.00558572,0.0128327,0.334
2660000,0,-0.0476709,-523.34,0.0476709,0.0116622,0.366
2670000,0,-0.314262,-524.676,0.314262,0.0138397,0.392
2680000,0,-0.044739,-524.63,0.044739,0.0155054,0.396
2690000,0,-2.2828,-523.858,2.2828,0.0130256,0.363
2700000,0,-0.479065,-524.816,0.479065,0.0130892,0.362
2710000,0,-1.02384,-525.046,1.02384,0.0100645,0.365
2720000,0,-0.0314916,-525.141,0.0314916,0.0179594,0.372
2730000,0,-0.259495,-524.111,0.259495,0.010654,0.357
2740000,0,-1.03441,-524.048,1.03441,0.0128905,0.357
2750000,0,-0.493352,-524.278,0.493352,0.0114771,0.344
2760000,0,-1.15593,-523.817,1.15593,0.0100491,0.381
2770000,0,-0.575505,-525.882,0.575505,0.00960141,0.366
2780000,1,1.61573,-523.473,0.0269801,0.0142281,0.378
2790000,0,-0.000143417,-526.757,0.000143417,0.0135014,0.34
2800000,0,-0.15508,-523.85,0.15508,0.0146447,0.371
2810000,0,-1.19516,-524.274,1.19516,0.010324,0.383
2820000,1,0.39412,-524.38,1.65745,0.0156675,0.359
2830000,0,-0.752775,-526.291,0.752775,0.0189005,0.363
2840000,1,0.0566768,-525.774,1.86326,0.013952,0.389
2850000,1,0.389862,-523.948,1.1758,0.011162,0.384
2860000,0,-0.293968,-524.163,0.293968,0.0096901,0.352
2870000,0,-0.503498,-524.713,0.503498,0.0166051,0.358
2880000,1,0.474449,-523.707,0.932212,0.0123905,0.385
2890000,0,-0.0872432,-524.212,0.0872432,0.00998787,0.429
2900000,0,-0.44206,-526.035,0.44206,0.014732,0.368
2910000,0,-0.222427,-525.267,0.222427,0.0137948,0.397
2920000,0,-0.109862,-523.604,0.109862,0.0148149,0.352
2930000,0,-0.153578,-523.872,0.153578,0.0100809,0.363
2940000,0,-0.025845,-523.746,0.025845,0.0122348,0.358
2950000,0,-0.0299687,-525.865,0.0299687,0.00769531,0.389
2960000,0,-0.576982,-524.067,0.576982,0.0121324,0.366
2970000,0,-1.41037,-523.249,1.41037,0.0121374,0.326
2980000,0,-0.696912,-523.171,0.696912,0.0122472,0.366
2990000,0,-0.0735216,-527.276,0.0735216,0.0129578,0.332
3000000,0,-0.490374,-524.165,0.490374,0.00938435,0.384
3010000,0,-0.0201056,-524.648,0.0201056,0.0126665,0.39
3020000,0,-0.887265,-527.792,0.887265,0.0183872,0.377
3030000,0,-0.351175,-527.624,0.351175,0.0141902,0.332
3040000,1,0.649363,-523.923,0.702553,0.0112961,0.407
3050000,3,0.170247,-526.782,3.12929,0.0148857,0.405
3060000,0,-0.0469341,-524.492,0.0469341,0.017139,0.363
3070000,0,-0.105261,-524.007,0.105261,0.0101072,0.409
3080000,0,-0.0495324,-524.071,0.0495324,0.0153385,0.406
3090000,0,-0.342979,-524.107,0.342979,0.0106133,0.377
3100000,0,-0.397975,-523.81,0.397975,0.0145502,0.409
3110000,0,-0.726421,-524.443,0.726421,0.0132189,0.317
3120000,0,-0.3358,-525.564,0.3358,0.0135261,0.353
3130000,0,-0.825424,-524.065,0.825424,0.016266,0.395
3140000,1,1.961,-523.984,0.453315,0.0102117,0.324
3150000,1,-0.399626,-525.633,1.46039,0.0185217,0.357
3160000,0,-0.0415518,-524.201,0.0415518,0.0112576,0.41
3170000,0,-0.775596,-523.681,0.775596,0.0144876,0.394
3180000,2,1.79361,-523.556,1.3889,0.0130564,0.358
3190000,1,-0.253576,-524.427,1.96086,0.0100193,0.375
3200000,0,-1.74044,-526.328,1.74044,0.0142996,0.404
3210000,1,0.612662,-523.817,0.695164,0.0127234,0.355
3220000,0,-0.0488845,-523.774,0.0488845,0.010323,0.385
3230000,0,-0.00935672,-525.582,0.00935672,0.00814412,0.359
3240000,1,1.97141,-523.505,0.26286,0.0126329,0.354
3250000,0,-0.246875,-527.217,0.246875,0.0122204,0.36
3260000,0,-0.0765551,-525.041,0.0765551,0.0152563,0.354
3270000,0,-0.13452,-523.647,0.13452,0.0135282,0.353
3280000,0,-0.229932,-523.748,0.229932,0.0129782,0.389
3290000,0,-0.36036,-523.559,0.36036,0.0121524,0.36
3300000,0,-0.396836,-523.371,0.396836,0.0124174,0.379
3310000,0,-0.517609,-523.828,0.517609,0.0154196,0.362
3320000,0,-0.915947,-524.287,0.915947,0.0148917,0.37
3330000,2,1.95777,-523.886,1.06922,0.0120841,0.361
3340000,1,0.581777,-523.104,0.430188,0.0151933,0.338
3350000,0,-0.465696,-524.072,0.465696,0.0120929,0.368
3360000,0,-0.685169,-527.528,0.685169,0.012834,0.352
3370000,0,-0.426863,-523.362,0.426863,0.0114643,0.35
3380000,1,1.22547,-524.971,0.642501,0.0143857,0.355
3390000,0,-0.815657,-523.837,0.815657,0.0157006,0.41
3400000,0,-0.600837,-524.994,0.600837,0.0151844,0.363
3410000,0,-0.227125,-524.649,0.227125,0.0134392,0.392
3420000,0,-0.185577,-524.177,0.185577,0.0115988,0.365
3430000,0,-0.856244,-523.342,0.856244,0.0134563,0.39
3440000,0,-0.366045,-524.616,0.366045,0.0115627,0.377
3450000,1,0.00757546,-527.31,0.384993,0.012903,0.377
3460000,1,-2.29438,-527.12,0.973029,0.00857244,0.366
3470000,0,-1.4665,-524.621,1.4665,0.0101178,0.34
3480000,1,1.44674,-523.705,0.200813,0.0136524,0.389
3490000,1,1.56942,-524.807,0.369164,0.0150837,0.366
3500000,0,-0.198727,-526.165,0.198727,0.0192811,0.356
3510000,0,-0.468642,-526.022,0.468642,0.0118231,0.367
3520000,0,-2.99158,-524.186,2.99158,0.00997648,0.406
3530000,0,-0.425893,-524.108,0.425893,0.0135517,0.357
3540000,0,-0.0897647,-528.032,0.0897647,0.0170746,0.362
3550000,0,-0.235122,-526.989,0.235122,0.0198013,0.363
3560000,1,1.28093,-524.734,0.523782,0.00898181,0.423
3570000,0,-0.120944,-524.432,0.120944,0.0163005,0.422
3580000,0,-0.913696,-524.63,0.913696,0.0175151,0.37
3590000,1,1.67151,-525.239,0.384541,0.0151832,0.349
3600000,0,-0.367972,-523.204,0.367972,0.0118026,0.422
3610000,0,-1.38691,-523.62,1.38691,0.0130918,0.368
3620000,0,-0.200512,-525.335,0.200512,0.0122225,0.393
3630000,1,2.09423,-523.104,0.287318,0.0124784,0.359
3640000,0,-1.20481,-524.716,1.20481,0.0102865,0.386
3650000,0,-0.105765,-524.536,0.105765,0.0117872,0.394
3660000,1,1.46672,-525.943,0.915746,0.0117812,0.368
3670000,1,1.57857,-525.056,0.162674,0.0111439,0.341
3680000,0,-0.394682,-523.605,0.394682,0.0143522,0.362
3690000,0,-0.102563,-527.678,0.102563,0.0162804,0.346
3700000,0,-0.397114,-524.889,0.397114,0.0152092,0.366
3710000,0,-0.285877,-524.812,0.285877,0.0089353,0.387
3720000,0,-0.574954,-524.942,0.574954,0.0150992,0.435
3730000,0,-0.661961,-525.537,0.661961,0.0173608,0.369
3740000,1,0.622776,-524.18,0.987475,0.0150688,0.397
3750000,0,-0.278311,-524.516,0.278311,0.011997,0.389
3760000,1,0.95794,-524.831,1.31754,0.0137645,0.403
3770000,0,-0.136344,-523.584,0.136344,0.0149064,0.382
3780000,0,-0.0789659,-527.726,0.0789659,0.0085026,0.366
3790000,0,-0.207611,-526.259,0.207611,0.00826823,0.39
3800000,0,-0.27188,-524.742,0.27188,0.00876057,0.391
3810000,0,-0.692523,-524.83,0.692523,0.0170143,0.368
3820000,0,-0.497606,-525.539,0.497606,0.00891139,0.335
3830000,0,-0.320483,-525.263,0.320483,0.00866953,0.379
3840000,1,-1.49424,-524.497,2.44268,0.0159238,0.367
3850000,0,-0.113936,-525.624,0.113936,0.0162891,0.391
3860000,0,-0.71741,-523.197,0.71741,0.0125765,0.379
3870000,1,0.678537,-524.419,1.0321,0.0161317,0.37
3880000,1,1.80517,-523.607,0.27041,0.0105379,0.342
3890000,0,-2.29034,-524.094,2.29034,0.0132203,0.355
3900000,1,-0.339898,-524.159,0.271656,0.0100835,0.34
3910000,1,0.579212,-524.87,1.65219,0.00991892,0.351
3920000,0,-0.346649,-524.132,0.346649,0.0145621,0.381
3930000,0,-0.0543141,-524.322,0.0543141,0.00933802,0.35
3940000,0,-1.29011,-525.355,1.29011,0.00824885,0.376
3950000,4,0.0879867,-526.736,2.99986,0.0150221,0.372
3960000,1,0.224396,-524.671,1.19417,0.0147422,0.361
3970000,0,-0.848985,-525.701,0.848985,0.0137723,0.356
3980000,0,-0.130579,-524.169,0.130579,0.0133669,0.381
3990000,2,0.567823,-524.549,1.68382,0.0109672,0.384
4000000,0,-0.0112357,-524.872,0.0112357,0.0134532,0.348
4010000,0,-0.214879,-525.785,0.214879,0.00973855,0.372
4020000,0,-0.226088,-525.569,0.226088,0.00838943,0.358
4030000,0,-0.0729653,-526.789,0.0729653,0.0108712,0.369
4040000,0,-0.489307,-524.625,0.489307,0.0139464,0.381
4050000,0,-0.710444,-523.929,0.710444,0.0131166,0.36
4060000,0,-0.732311,-525.85,0.732311,0.0104017,0.364
4070000,0,-0.357074,-523.244,0.357074,0.013477,0.4
4080000,0,-0.125016,-526.013,0.125016,0.012935,0.322
4090000,1,0.908515,-524.406,0.454001,0.0120733,0.357
4100000,0,-0.400778,-524.03,0.400778,0.0112985,0.348
4110000,1,1.54537,-523.024,0.869294,0.0104101,0.372
4120000,0,-0.836067,-525.414,0.836067,0.00943623,0.363
4130000,0,-0.546665,-523.948,0.546665,0.0105416,0.341
4140000,1,0.628734,-526.673,0.775754,0.0190995,0.37
4150000,3,4.70167,-524.054,1.40425,0.0115965,0.398
4160000,1,-0.207835,-524.981,1.34645,0.0139879,0.34
4170000,1,1.80064,-525.606,0.356394,0.0128488,0.368
4180000,0,-0.0765954,-523.964,0.0765954,0.0116938,0.38
4190000,1,-0.207114,-524.934,1.9839,0.0127596,0.348
4200000,0,-0.402123,-527.964,0.402123,0.0141749,0.374
4210000,0,-0.286895,-525.596,0.286895,0.0160268,0.345
4220000,0,-0.0993903,-523.925,0.0993903,0.014764,0.384
4230000,0,-0.737895,-526.094,0.737895,0.0160384,0.342
4240000,0,-0.59849,-525.926,0.59849,0.00765292,0.424
4250000,0,-0.061774,-528.088,0.061774,0.0156663,0.387
4260000,0,-0.330235,-524.92,0.330235,0.0101018,0.344
4270000,0,-0.708993,-524.341,0.708993,0.0151621,0.351
4280000,1,1.1533,-523.519,1.19886,0.0155397,0.353
4290000,0,-0.0818295,-524.11,0.0818295,0.0102626,0.324
4300000,0,-1.01433,-525.034,1.01433,0.0181117,0.36
4310000,0,-0.0876955,-523.724,0.0876955,0.0126069,0.348
4320000,0,-0.570664,-523.567,0.570664,0.0115189,0.359
4330000,1,-1.56829,-523.792,1.38365,0.0104704,0.418
4340000,0,-0.430774,-524.024,0.430774,0.0116373,0.384
4350000,0,-0.0657171,-524.482,0.0657171,0.016654,0.412
4360000,2,1.27716,-526.703,2.16785,0.00991567,0.374
4370000,0,-1.5308,-524.57,1.5308,0.0161279,0.373
4380000,0,-0.744559,-524.174,0.744559,0.0116957,0.377
4390000,0,-0.415235,-524.077,0.415235,0.0163309,0.359
4400000,0,-0.157329,-523.264,0.157329,0.0122491,0.333
4410000,0,-0.0897643,-524.059,0.0897643,0.0128071,0.381
4420000,0,-0.149577,-527.752,0.149577,0.01046,0.377
4430000,0,-0.761979,-523.177,0.761979,0.0122786,0.36
4440000,0,-0.330949,-525.253,0.330949,0.0142069,0.36
4450000,0,-0.390463,-523.722,0.390463,0.012845,0.381
4460000,0,-0.0793174,-523.737,0.0793174,0.0135553,0.327
4470000,1,1.85619,-525.235,0.471719,0.0134769,0.365
4480000,0,-0.00845405,-525.769,0.00845405,0.00969323,0.397
4490000,0,-1.71506,-523.743,1.71506,0.011088,0.35
4500000,1,-1.70831,-524.321,3.74178,0.0161345,0.364
4510000,0,-0.374728,-523.711,0.374728,0.0116441,0.344
4520000,0,-0.1483,-527.995,0.1483,0.00924642,0.398
4530000,0,-0.197619,-525.567,0.197619,0.00922426,0.387
4540000,0,-4.70639,-525.581,4.70639,0.0154637,0.416
4550000,0,-0.548726,-523.205,0.548726,0.0122844,0.327
4560000,1,0.961535,-526.298,0.499697,0.0114586,0.371
4570000,0,-0.381724,-524.607,0.381724,0.0152382,0.41
4580000,0,-0.422541,-524.616,0.422541,0.0168895,0.348
4590000,1,0.881241,-523.255,1.19735,0.0125012,0.376
4600000,0,-0.637302,-523.145,0.637302,0.0125537,0.383
4610000,1,0.518516,-524.081,0.237578,0.0103179,0.331
4620000,0,-0.641909,-525.492,0.641909,0.011829,0.369
4630000,1,-0.0960749,-525.716,1.62658,0.0108259,0.336
4640000,0,-0.118936,-524.661,0.118936,0.0141172,0.414
4650000,0,-0.401906,-524.332,0.401906,0.0114412,0.373
4660000,0,-0.627565,-523.452,0.627565,0.0121129,0.367
4670000,0,-0.109236,-524.065,0.109236,0.0103794,0.314
4680000,1,1.04301,-524.518,0.818136,0.0102775,0.329
4690000,1,1.80949,-524.684,0.121884,0.0092167,0.424
4700000,0,-0.939046,-526.589,0.939046,0.0152325,0.354
4710000,0,-0.271474,-523.967,0.271474,0.0105075,0.348
4720000,0,-0.662696,-527.101,0.662696,0.00942181,0.352
4730000,0,-0.0944699,-523.214,0.0944699,0.0133536,0.341
4740000,0,-0.507508,-523.804,0.507508,0.013431,0.335
4750000,0,-0.592083,-523.627,0.592083,0.0151759,0.313
4760000,0,-0.588888,-525.445,0.588888,0.0137571,0.352
4770000,0,-0.224226,-525.037,0.224226,0.0120981,0.354
4780000,0,-0.0327983,-524.33,0.0327983,0.0109702,0.34
4790000,0,-0.300066,-525.313,0.300066,0.00920678,0.37
4800000,0,-0.5165,-524.499,0.5165,0.0106847,0.325
4810000,0,-1.1959,-524.639,1.1959,0.0140571,0.347
4820000,0,-2.23909,-525.487,2.23909,0.00831221,0.398
4830000,0,-0.0894981,-525.858,0.0894981,0.00818026,0.354
4840000,0,-0.293085,-524.856,0.293085,0.0130917,0.368
4850000,0,-1.30604,-526.12,1.30604,0.0094054,0.399
4860000,0,-0.93119,-526.002,0.93119,0.0104994,0.372
4870000,2,3.2736,-522.969,1.61473,0.0118648,0.403
4880000,0,-0.0535368,-523.746,0.0535368,0.011831,0.416
4890000,0,-0.729518,-524.469,0.729518,0.0129579,0.383
4900000,0,-0.632649,-523.845,0.632649,0.0131861,0.368
4910000,0,-0.576784,-523.482,0.576784,0.0143632,0.388
4920000,1,0.850392,-523.758,0.556006,0.0106612,0.395
4930000,0,-1.02693,-524.967,1.02693,0.0132999,0.34
4940000,0,-0.11831,-524.303,0.11831,0.0119479,0.37
4950000,1,0.996499,-523.203,1.45927,0.0155263,0.382
4960000,2,-1.66142,-526.147,0.983252,0.0103712,0.383
4970000,0,-0.773699,-523.856,0.773699,0.0152212,0.371
4980000,0,-0.0577886,-526.117,0.0577886,0.014756,0.36
4990000,1,0.682195,-524.407,1.31729,0.012276,0.344
5000000,0,-0.826374,-523.586,0.826374,0.0124631,0.356
5010000,0,-0.00980232,-525.235,0.00980232,0.0107117,0.369
5020000,0,-1.25547,-523.95,1.25547,0.0141666,0.379
5030000,0,-0.0543293,-525.163,0.0543293,0.00901761,0.371
5040000,0,-0.273502,-523.977,0.273502,0.0113595,0.377
5050000,0,-0.252347,-524.182,0.252347,0.0109997,0.385
5060000,0,-0.394832,-525.234,0.394832,0.0135298,0.374
5070000,0,-0.147029,-523.697,0.147029,0.0150443,0.377
5080000,0,-0.0262049,-525.083,0.0262049,0.0177418,0.368
5090000,1,1.96908,-523.194,0.507608,0.0103222,0.374
5100000,0,-0.603426,-523.773,0.603426,0.013192,0.379
5110000,0,-0.22142,-523.265,0.22142,0.0119494,0.314
5120000,0,-0.180324,-523.832,0.180324,0.0126874,0.359
5130000,0,-0.17075,-523.756,0.17075,0.0113943,0.399
5140000,1,1.3881,-525.583,0.843693,0.0114869,0.341
5150000,0,-0.171297,-524.039,0.171297,0.014859,0.405
5160000,0,-0.108011,-525.281,0.108011,0.0139059,0.39
5170000,0,-0.0151971,-525.378,0.0151971,0.0109071,0.367
5180000,2,0.425419,-523.149,1.38492,0.014982,0.374
5190000,1,1.73548,-524.926,0.852167,0.0134747,0.396
5200000,4,2.36756,-527.487,5.23147,0.0118053,0.408
5210000,0,-1.27835,-527.416,1.27835,0.0110625,0.337
5220000,0,-0.128126,-523.805,0.128126,0.0135923,0.363
5230000,0,-0.576011,-525.106,0.576011,0.0122659,0.359
5240000,0,-0.24429,-523.474,0.24429,0.0114211,0.349
5250000,0,-0.610099,-524.357,0.610099,0.00994866,0.348
5260000,0,-0.210214,-524.472,0.210214,0.0136539,0.357
5270000,1,1.98055,-523.905,0.351908,0.0152773,0.381
5280000,0,-0.0500208,-524.219,0.0500208,0.0118696,0.325
5290000,0,-0.139977,-524.819,0.139977,0.0163195,0.376
5300000,0,-0.158951,-523.702,0.158951,0.013084,0.371
5310000,0,-0.0933502,-523.598,0.0933502,0.0143285,0.369
5320000,0,-0.20165,-524.605,0.20165,0.0101279,0.393
5330000,0,-0.155687,-524.934,0.155687,0.00973499,0.4
5340000,0,-0.575585,-524.79,0.575585,0.0118805,0.353
5350000,0,-0.223036,-526.539,0.223036,0.0111275,0.373
5360000,0,-1.15578,-523.343,1.15578,0.0138656,0.342
5370000,0,-0.166842,-526.323,0.166842,0.0105304,0.393
5380000,0,-0.586689,-523.422,0.586689,0.0113112,0.343
5390000,0,-0.385745,-523.387,0.385745,0.0124067,0.367
5400000,0,-0.257727,-526.707,0.257727,0.0127695,0.371
5410000,0,-1.19161,-525.085,1.19161,0.0123176,0.359
5420000,1,0.806044,-524.727,0.315014,0.0100657,0.354
5430000,0,-0.397055,-525.012,0.397055,0.0107522,0.383
5440000,0,-0.0933059,-524.121,0.0933059,0.011917,0.353
5450000,1,1.02998,-524.257,0.195314,0.01602,0.332
5460000,1,1.42584,-523.139,1.15481,0.0121768,0.375
5470000,0,-0.526139,-525.16,0.526139,0.0166095,0.393
5480000,2,0.303344,-524.926,1.21447,0.0089141,0.377
5490000,0,-0.0667647,-523.967,0.0667647,0.0141981,0.357
5500000,0,-1.28643,-529.021,1.28643,0.0226014,0.348
5510000,0,-0.227916,-524.04,0.227916,0.00963733,0.397
5520000,0,-0.00196806,-523.983,0.00196806,0.0155129,0.333
5530000,0,-1.74887,-524.257,1.74887,0.0127661,0.374
5540000,0,-0.619876,-525.857,0.619876,0.012789,0.368
5550000,1,-0.808391,-525.524,2.07755,0.00838863,0.47
5560000,0,-0.0966872,-524.646,0.0966872,0.013413,0.364
5570000,0,-0.183267,-523.42,0.183267,0.0129462,0.415
5580000,1,0.826123,-524.574,1.74694,0.0179466,0.336
5590000,0,-0.242101,-523.456,0.242101,0.0114812,0.385
5600000,0,-0.563125,-528.726,0.563125,0.00953757,0.41
5610000,0,-0.296905,-523.558,0.296905,0.0106269,0.37
5620000,0,-0.175672,-523.861,0.175672,0.0122496,0.358
5630000,1,1.69326,-523.861,0.728602,0.0119516,0.427
5640000,0,-0.370425,-525.22,0.370425,0.00916159,0.32
5650000,0,-0.235082,-524.603,0.235082,0.0113017,0.388
5660000,0,-0.265647,-526.32,0.265647,0.0079582,0.395
5670000,0,-0.155433,-524.245,0.155433,0.0139624,0.331
5680000,0,-0.244753,-529.551,0.244753,0.0205149,0.371
5690000,0,-0.554403,-525.559,0.554403,0.0162961,0.34
5700000,0,-0.115694,-523.912,0.115694,0.0104527,0.341
5710000,1,-3.71946,-525.734,0.267674,0.0162131,0.361
5720000,0,-0.530252,-523.63,0.530252,0.0116591,0.431
5730000,0,-0.615221,-523.483,0.615221,0.0138418,0.338
5740000,0,-0.042069,-523.51,0.042069,0.0107551,0.384
5750000,0,-0.410657,-523.764,0.410657,0.0128787,0.337
5760000,1,-0.775667,-526.513,0.529279,0.0138486,0.361
5770000,0,-3.28878,-523.33,3.28878,0.0139882,0.37
5780000,0,-0.0800137,-524.84,0.0800137,0.0103383,0.364
5790000,0,-0.924857,-525.229,0.924857,0.0137479,0.37
5800000,1,-0.955544,-527.017,0.554678,0.00904849,0.403
5810000,0,-0.34592,-524.837,0.34592,0.0107178,0.358
5820000,0,-0.29527,-525.182,0.29527,0.00972941,0.357
5830000,0,-0.159382,-523.49,0.159382,0.0109706,0.415
5840000,0,-0.321105,-524.158,0.321105,0.0127353,0.386
5850000,0,-0.536963,-523.902,0.536963,0.0117823,0.373
5860000,0,-0.0775932,-524.595,0.0775932,0.015591,0.356
5870000,1,1.43415,-523.974,0.620895,0.00981213,0.369
5880000,0,-0.6481,-525.031,0.6481,0.0152956,0.383
5890000,0,-0.0837757,-523.536,0.0837757,0.0108379,0.341
5900000,1,-3.14094,-523.281,1.57946,0.0111929,0.416
5910000,1,0.430831,-524.566,0.129389,0.0159464,0.391
5920000,0,-0.602233,-527.696,0.602233,0.0172224,0.37
5930000,0,-0.731862,-523.497,0.731862,0.0111774,0.357
5940000,0,-1.25601,-523.226,1.25601,0.0129655,0.353
5950000,1,0.299134,-522.867,0.767736,0.0126482,0.31
5960000,0,-0.103116,-524.306,0.103116,0.0107252,0.324
5970000,3,1.34305,-522.012,3.49021,0.0138059,0.43
5980000,1,1.71447,-523.53,0.735007,0.0126373,0.36
5990000,0,-3.65517,-524.083,3.65517,0.010167,0.342
6000000,0,-0.266058,-524.801,0.266058,0.0130632,0.366
6010000,0,-0.557299,-524.89,0.557299,0.0169298,0.398
6020000,0,-0.717272,-523.787,0.717272,0.0152364,0.382
6030000,2,-1.84596,-526.73,2.9274,0.0103437,0.353
6040000,0,-1.09126,-523.74,1.09126,0.0127788,0.34
6050000,0,-0.240073,-523.717,0.240073,0.0121633,0.374
6060000,0,-0.705826,-524.815,0.705826,0.00895404,0.403
6070000,1,1.60517,-526.364,0.349972,0.0149364,0.311
6080000,0,-0.139929,-524.403,0.139929,0.0123176,0.344
6090000,0,-0.0968853,-523.836,0.0968853,0.0146139,0.365
6100000,0,-0.211784,-524.773,0.211784,0.0110596,0.35
6110000,0,-0.318776,-525.038,0.318776,0.00888747,0.374
6120000,0,-0.0790157,-523.289,0.0790157,0.0112676,0.317
6130000,1,1.6599,-525.058,0.352865,0.0120327,0.343
6140000,0,-0.12704,-525.28,0.12704,0.00951254,0.379
6150000,1,0.98576,-527.96,0.908708,0.0119041,0.371
6160000,1,-1.66626,-524.419,1.48466,0.0136229,0.421
6170000,0,-0.349775,-524.554,0.349775,0.00958198,0.336
6180000,0,-0.632591,-525.35,0.632591,0.00872472,0.364
6190000,1,2.32171,-524.323,0.0866987,0.0149349,0.4
6200000,0,-0.352257,-523.97,0.352257,0.0108564,0.345
6210000,0,-1.10752,-523.657,1.10752,0.0115864,0.375
6220000,0,-0.452295,-523.802,0.452295,0.0134168,0.376
6230000,0,-0.39887,-524.862,0.39887,0.0130122,0.397
6240000,2,3.62137,-523.335,1.21105,0.0107687,0.385
6250000,0,-0.964539,-524.21,0.964539,0.0160017,0.345
6260000,0,-0.931342,-523.169,0.931342,0.0127691,0.352
6270000,1,1.56983,-524.105,1.01807,0.0125125,0.356
6280000,0,-0.0757707,-523.617,0.0757707,0.0151888,0.401
6290000,0,-0.268492,-524.349,0.268492,0.0125337,0.364
6300000,0,-0.231763,-526.858,0.231763,0.0135423,0.367
6310000,0,-0.987566,-523.605,0.987566,0.0115468,0.389
6320000,0,-0.126687,-523.512,0.126687,0.0125593,0.38
6330000,0,-0.193133,-524.97,0.193133,0.0168051,0.367
6340000,0,-0.330217,-524.13,0.330217,0.0133185,0.39
6350000,0,-0.012952,-524.255,0.012952,0.0107321,0.36
6360000,0,-0.364917,-523.807,0.364917,0.0139728,0.381
6370000,0,-0.593062,-524.882,0.593062,0.00986644,0.387
6380000,0,-1.60498,-524.775,1.60498,0.0102135,0.351
6390000,0,-0.376564,-523.826,0.376564,0.013342,0.329
6400000,0,-0.00973996,-525.444,0.00973996,0.00955577,0.395
6410000,0,-0.0263897,-523.394,0.0263897,0.0143049,0.373
6420000,0,-0.0291544,-524.458,0.0291544,0.0161351,0.393
6430000,0,-0.318888,-524.909,0.318888,0.0167177,0.396
6440000,0,-0.00116498,-523.339,0.00116498,0.0126016,0.357
6450000,1,0.270546,-524.072,1.75006,0.018154,0.436
6460000,1,0.239474,-524.708,1.60871,0.00970532,0.473
6470000,0,-0.471962,-524.314,0.471962,0.00948318,0.331
6480000,0,-0.986283,-523.891,0.986283,0.0144636,0.394
6490000,1,-0.373895,-526.124,1.91187,0.0111472,0.36
6500000,0,-0.246967,-523.868,0.246967,0.0144939,0.323
6510000,0,-0.943828,-524.044,0.943828,0.0144603,0.396
6520000,1,1.78874,-525.791,0.307982,0.0177873,0.362
6530000,3,3.96404,-524.266,1.53673,0.0108873,0.362
6540000,0,-0.579051,-523.763,0.579051,0.0101017,0.381
6550000,0,-0.0427838,-524.071,0.0427838,0.0142123,0.337
6560000,0,-0.59068,-525.324,0.59068,0.0152911,0.37
6570000,0,-0.0590483,-524.59,0.0590483,0.0102163,0.353
6580000,0,-0.00538258,-524.842,0.00538258,0.0101197,0.337
6590000,0,-0.300163,-525.112,0.300163,0.0151628,0.402
6600000,0,-1.34617,-523.188,1.34617,0.012641,0.343
6610000,0,-2.38306,-525.847,2.38306,0.0115306,0.402
6620000,0,-0.648374,-531.319,0.648374,0.0053205,0.352
6630000,0,-0.158675,-524.084,0.158675,0.00989622,0.369
6640000,0,-0.112491,-526.019,0.112491,0.0178583,0.408
6650000,1,0.649111,-523.551,0.946717,0.0130198,0.374
6660000,2,1.78782,-523.601,0.63825,0.0119735,0.372
6670000,0,-0.0367206,-524.922,0.0367206,0.00995525,0.366
6680000,0,-0.0617949,-524.705,0.0617949,0.0101443,0.395
6690000,0,-0.940043,-524.855,0.940043,0.0156845,0.347
6700000,0,-0.908409,-525.386,0.908409,0.0108781,0.393
6710000,0,-0.646513,-526.091,0.646513,0.0116725,0.34
6720000,0,-0.873752,-523.757,0.873752,0.0111403,0.387
6730000,2,3.60923,-523.675,0.801526,0.0123477,0.384
6740000,0,-0.126612,-523.367,0.126612,0.0109753,0.346
6750000,0,-0.0866534,-525.65,0.0866534,0.016468,0.363
6760000,0,-0.857235,-524.367,0.857235,0.0167429,0.41
6770000,0,-0.356375,-527.4,0.356375,0.0157474,0.345
6780000,1,1.48121,-525.069,0.341959,0.0107826,0.34
6790000,0,-0.136956,-523.515,0.136956,0.0149357,0.378
6800000,0,-0.359158,-524,0.359158,0.0107942,0.451
6810000,0,-0.321847,-525.152,0.321847,0.00994388,0.405
6820000,1,0.789493,-524.648,1.35831,0.00941954,0.354
6830000,0,-1.18294,-524.315,1.18294,0.0161704,0.359
6840000,0,-0.0774316,-526.206,0.0774316,0.0111212,0.387
6850000,0,-0.234594,-523.87,0.234594,0.0147445,0.431
6860000,0,-0.526333,-525.094,0.526333,0.0112333,0.347
6870000,1,-0.833365,-525.128,2.20159,0.012869,0.382
6880000,1,1.74646,-523.135,0.492717,0.0120654,0.35
6890000,0,-0.26691,-526.893,0.26691,0.0160932,0.355
6900000,0,-0.116776,-524.951,0.116776,0.00881129,0.376
6910000,0,-0.411125,-523.891,0.411125,0.0157774,0.375
6920000,0,-0.00878919,-525.393,0.00878919,0.0113677,0.378
6930000,1,-0.907256,-525.985,0.885983,0.0134992,0.378
6940000,0,-0.034814,-526.779,0.034814,0.00770429,0.394
6950000,0,-0.690639,-523.768,0.690639,0.0116322,0.376
6960000,0,-0.18155,-524.341,0.18155,0.0132586,0.377
6970000,0,-1.09124,-524.026,1.09124,0.0158725,0.369
6980000,0,-0.0621452,-524.413,0.0621452,0.0155749,0.38
6990000,0,-1.86711,-523.921,1.86711,0.0139919,0.412
7000000,0,-0.208569,-523.178,0.208569,0.0123959,0.365
7010000,1,-2.772,-523.481,2.04197,0.0123213,0.401
7020000,0,-0.153488,-523.697,0.153488,0.0141453,0.362
7030000,1,1.45471,-524.075,0.188061,0.0106335,0.382
7040000,0,-0.274575,-524.697,0.274575,0.0090946,0.371
7050000,0,-0.262816,-524.427,0.262816,0.0150748,0.368
7060000,0,-0.129113,-523.62,0.129113,0.0125692,0.341
7070000,1,1.20853,-527.07,0.810767,0.00774681,0.356
7080000,0,-0.0745211,-524.85,0.0745211,0.0142225,0.335
7090000,0,-0.815028,-524.846,0.815028,0.0112938,0.344
7100000,0,-0.0710605,-525.224,0.0710605,0.0141185,0.34
7110000,0,-0.437863,-525.308,0.437863,0.0103021,0.365
7120000,0,-0.147751,-528.546,0.147751,0.0142598,0.37
7130000,1,1.5261,-523.758,0.659739,0.0106136,0.35
7140000,0,-0.118856,-525.757,0.118856,0.0110114,0.325
7150000,1,-0.378972,-525.487,0.470683,0.0112284,0.362
7160000,0,-0.916926,-526.863,0.916926,0.0107709,0.363
7170000,0,-0.265992,-524.873,0.265992,0.00991041,0.367
7180000,0,-0.160389,-524.344,0.160389,0.0148811,0.379
7190000,0,-0.528113,-526.466,0.528113,0.00799167,0.384
7200000,0,-1.20571,-524.137,1.20571,0.00951309,0.353
7210000,0,-0.0982816,-524.632,0.0982816,0.0115951,0.347
7220000,0,-0.794122,-524.793,0.794122,0.0130662,0.363
7230000,0,-0.0717722,-523.491,0.0717722,0.0126116,0.38
7240000,0,-0.289851,-524.733,0.289851,0.00961207,0.343
7250000,1,0.116173,-524.259,2.2448,0.0166576,0.368
7260000,0,-0.268599,-523.801,0.268599,0.0125106,0.353
7270000,0,-0.51593,-524.132,0.51593,0.0145958,0.327
7280000,0,-0.283823,-523.234,0.283823,0.0125865,0.348
7290000,0,-0.390649,-525.918,0.390649,0.0123139,0.332
7300000,0,-0.262503,-523.359,0.262503,0.0120304,0.392
7310000,0,-0.133861,-526.083,0.133861,0.0126304,0.404
7320000,0,-0.366048,-526.506,0.366048,0.0161455,0.364
7330000,2,-6.25119,-522.876,3.64737,0.0095225,0.419
7340000,0,-0.396743,-526.92,0.396743,0.00773213,0.368
7350000,0,-0.234063,-524.15,0.234063,0.015808,0.364
7360000,1,-0.832392,-525.081,2.7179,0.01146,0.34
7370000,3,1.9917,-523.833,1.47935,0.0141327,0.345
7380000,0,-0.156818,-526.695,0.156818,0.00798353,0.381
7390000,2,0.973404,-526.187,1.01865,0.0140036,0.379
7400000,0,-0.819504,-524.906,0.819504,0.00928079,0.376
7410000,0,-1.27977,-523.641,1.27977,0.0148077,0.375
7420000,0,-0.309517,-525.509,0.309517,0.0110308,0.396
7430000,0,-0.538617,-524.841,0.538617,0.0124846,0.347
7440000,1,-0.721689,-525.648,1.74177,0.0176621,0.381
7450000,1,-0.762063,-526.108,1.31451,0.00989271,0.383
7460000,0,-0.211024,-523.72,0.211024,0.010168,0.397
7470000,0,-0.141713,-527.315,0.141713,0.0139424,0.393
7480000,1,1.35546,-523.492,0.368352,0.0143355,0.391
7490000,0,-1.24263,-523.294,1.24263,0.0138387,0.372
7500000,3,1.95587,-525.933,1.28921,0.0130096,0.414
7510000,0,-0.160666,-523.448,0.160666,0.0131821,0.36
7520000,0,-0.555216,-524.131,0.555216,0.0154101,0.372
7530000,0,-1.63368,-524.085,1.63368,0.0127253,0.359
7540000,0,-0.151291,-524.704,0.151291,0.0163497,0.417
7550000,1,2.08891,-523.287,0.215164,0.0108957,0.372
7560000,2,1.66572,-524.392,1.42485,0.0110845,0.349
7570000,1,0.888666,-528.985,1.7099,0.0113149,0.351
7580000,0,-0.21288,-525.589,0.21288,0.00968803,0.348
7590000,0,-1.79058,-524.862,1.79058,0.00955936,0.375
7600000,0,-0.648676,-525.369,0.648676,0.00902463,0.421
7610000,0,-0.146757,-524.261,0.146757,0.0135538,0.332
7620000,0,-0.709733,-525.299,0.709733,0.0108453,0.345
7630000,0,-0.104918,-525.669,0.104918,0.0079936,0.33
7640000,0,-0.219391,-523.373,0.219391,0.0109901,0.336
7650000,0,-2.1086,-523.815,2.1086,0.0151699,0.343
7660000,0,-0.188072,-523.333,0.188072,0.0123449,0.34
7670000,1,1.53257,-524.663,0.539011,0.00873698,0.454
7680000,0,-0.173716,-523.521,0.173716,0.01246,0.378
7690000,0,-2.14134,-524.924,2.14134,0.0142088,0.374
7700000,0,-0.740162,-523.349,0.740162,0.0117454,0.362
7710000,1,0.717406,-524.302,1.27309,0.0101015,0.353
7720000,0,-0.821748,-525.388,0.821748,0.0101796,0.346
7730000,0,-0.364396,-524.406,0.364396,0.0146342,0.381
7740000,0,-0.1793,-524.045,0.1793,0.0111284,0.368
7750000,0,-0.0733388,-525.153,0.0733388,0.0178844,0.34
7760000,0,-0.24649,-524.176,0.24649,0.0133354,0.362
7770000,0,-0.402869,-523.698,0.402869,0.0121413,0.37
7780000,0,-0.182956,-523.17,0.182956,0.0127828,0.339
7790000,0,-0.0933798,-524.671,0.0933798,0.0147813,0.399
7800000,0,-0.276432,-523.455,0.276432,0.0127212,0.329
7810000,0,-0.143505,-523.478,0.143505,0.0115541,0.357
7820000,0,-1.03873,-529.861,1.03873,0.0115156,0.354
7830000,0,-0.426567,-524.161,0.426567,0.0141957,0.353
7840000,0,-0.455659,-526.236,0.455659,0.00771635,0.397
7850000,0,-0.242465,-523.533,0.242465,0.0105352,0.348
7860000,0,-0.627736,-524.827,0.627736,0.0162262,0.331
7870000,0,-0.042275,-524.667,0.042275,0.0102244,0.347
7880000,0,-0.25734,-524.354,0.25734,0.0134597,0.382
7890000,1,0.776858,-525.22,0.339397,0.00985461,0.37
7900000,0,-2.21417,-525.754,2.21417,0.0189886,0.367
7910000,0,-0.429333,-524.982,0.429333,0.00901204,0.374
7920000,0,-0.144384,-524.685,0.144384,0.0162112,0.369
7930000,0,-0.905382,-524.95,0.905382,0.0112082,0.396
7940000,1,-2.121,-526.128,2.30801,0.00900658,0.375
7950000,0,-0.173368,-523.454,0.173368,0.0114017,0.334
7960000,1,0.698473,-523.513,1.58741,0.0150082,0.361
7970000,0,-0.0282425,-523.617,0.0282425,0.0127512,0.436
7980000,0,-0.0676764,-523.535,0.0676764,0.0139021,0.346
7990000,0,-1.26224,-523.777,1.26224,0.0154322,0.414
8000000,0,-0.126165,-525.294,0.126165,0.0100707,0.346
8010000,0,-0.258043,-525,0.258043,0.0137909,0.341
8020000,0,-0.99613,-523.313,0.99613,0.0116482,0.348
8030000,0,-0.358877,-525.892,0.358877,0.0141532,0.374
8040000,0,-0.0168707,-524.542,0.0168707,0.0121015,0.361
8050000,0,-0.137305,-524.193,0.137305,0.0102323,0.342
8060000,0,-0.909913,-523.724,0.909913,0.0114703,0.409
8070000,0,-0.490984,-524.855,0.490984,0.0151599,0.39
8080000,2,1.20361,-523.659,2.30926,0.0115145,0.356
8090000,0,-1.12412,-524.915,1.12412,0.0131686,0.334
8100000,0,-0.830426,-524.824,0.830426,0.014564,0.36
8110000,0,-0.181635,-526.349,0.181635,0.0107164,0.361
8120000,2,1.81409,-525.841,1.80058,0.0172053,0.366
8130000,0,-0.167764,-523.593,0.167764,0.010491,0.373
8140000,0,-0.00825509,-523.405,0.00825509,0.0144522,0.368
8150000,0,-0.103647,-524.143,0.103647,0.011333,0.357
8160000,1,1.27615,-524.115,0.990898,0.0131581,0.385
8170000,1,1.80625,-523.762,0.549422,0.0161578,0.36
8180000,0,-0.276348,-523.377,0.276348,0.013474,0.377
8190000,1,-1.44018,-525.635,1.7657,0.0110414,0.364
8200000,0,-0.819939,-524.791,0.819939,0.00935164,0.387
8210000,0,-0.412934,-524.27,0.412934,0.0136683,0.456
8220000,0,-0.0885635,-524.221,0.0885635,0.0143779,0.36
8230000,1,1.41832,-525.516,0.701798,0.0103054,0.332
8240000,0,-0.128559,-525.927,0.128559,0.013869,0.355
8250000,1,1.18634,-522.562,0.802701,0.0125808,0.38
8260000,0,-0.309827,-524.963,0.309827,0.0125448,0.349
8270000,0,-1.38276,-524.206,1.38276,0.010965,0.36
8280000,0,-0.146845,-523.73,0.146845,0.0118243,0.373
8290000,0,-0.374383,-523.819,0.374383,0.0106267,0.369
8300000,0,-0.0132628,-526.224,0.0132628,0.0119642,0.368
8310000,0,-0.228623,-524.033,0.228623,0.00991346,0.324
8320000,2,1.1957,-525.308,0.994855,0.0114058,0.4
8330000,2,-1.57585,-524.193,2.76439,0.0152172,0.309
8340000,0,-0.319538,-523.83,0.319538,0.0104033,0.374
8350000,0,-0.370927,-523.33,0.370927,0.0138246,0.331
8360000,0,-0.673917,-526.875,0.673917,0.0205697,0.341
8370000,0,-0.0508356,-523.955,0.0508356,0.0118768,0.405
8380000,0,-0.109501,-524.145,0.109501,0.0107354,0.354
8390000,1,-0.130581,-528.53,0.798068,0.0139608,0.387
8400000,1,1.98186,-525.359,0.500408,0.0103657,0.354
8410000,1,0.337955,-523.237,2.02864,0.0124495,0.396
8420000,0,-0.365257,-523.575,0.365257,0.0147204,0.33
8430000,0,-1.71295,-523.642,1.71295,0.0152172,0.414
8440000,2,-2.7291,-524.016,1.61096,0.0145152,0.406
8450000,0,-0.0236703,-524.185,0.0236703,0.0104822,0.369
8460000,0,-0.586195,-527.423,0.586195,0.00942747,0.363
8470000,0,-0.485456,-523.683,0.485456,0.0107293,0.352
8480000,0,-0.714541,-523.516,0.714541,0.0128358,0.422
8490000,0,-1.99282,-524.362,1.99282,0.014552,0.417
8500000,0,-2.0063,-523.814,2.0063,0.0144302,0.388
8510000,0,-0.0667649,-523.79,0.0667649,0.0154602,0.364
8520000,3,0.601208,-525.552,0.553075,0.0120014,0.352
8530000,0,-2.67181,-524.241,2.67181,0.0168111,0.392
8540000,0,-0.0398305,-525.171,0.0398305,0.00937466,0.378
8550000,0,-1.85856,-523.352,1.85856,0.0128247,0.421
8560000,0,-1.8703,-523.473,1.8703,0.0112341,0.391
8570000,0,-0.0165249,-523.542,0.0165249,0.01204,0.347
8580000,0,-0.407596,-527.432,0.407596,0.00792871,0.344
8590000,0,-0.221856,-525.071,0.221856,0.0109232,0.334
8600000,1,-1.98434,-526.207,3.14799,0.0102615,0.405
8610000,2,2.45357,-523.72,1.26388,0.00941903,0.399
8620000,0,-0.00673465,-524.097,0.00673465,0.00985217,0.353
8630000,0,-0.440094,-524.809,0.440094,0.00968499,0.351
8640000,2,1.20976,-525.641,2.99944,0.0123526,0.349
8650000,0,-0.659755,-523.839,0.659755,0.012258,0.381
8660000,0,-0.994291,-523.726,0.994291,0.0130106,0.361
8670000,0,-1.01698,-526.246,1.01698,0.0120561,0.415
8680000,1,0.233064,-523.445,1.87268,0.0132913,0.399
8690000,0,-0.304549,-523.751,0.304549,0.0100423,0.444
8700000,0,-0.447378,-524.804,0.447378,0.0106977,0.349
8710000,0,-0.214028,-523.877,0.214028,0.0151216,0.369
8720000,0,-1.03151,-525.064,1.03151,0.0132785,0.343
8730000,0,-0.923868,-525.365,0.923868,0.0105962,0.395
8740000,0,-0.00266855,-523.546,0.00266855,0.0115817,0.401
8750000,0,-0.110112,-524.055,0.110112,0.0107385,0.374
8760000,1,1.10136,-524.352,0.362528,0.0113367,0.349
8770000,0,-0.215734,-523.525,0.215734,0.0114272,0.373
8780000,0,-0.184426,-524.127,0.184426,0.01457,0.315
8790000,1,1.06541,-524.47,1.18591,0.0115712,0.414
8800000,0,-0.654962,-524.628,0.654962,0.0142141,0.39
8810000,1,1.7475,-523.89,0.797343,0.014353,0.358
8820000,0,-0.707549,-524.079,0.707549,0.0151578,0.38
8830000,0,-0.222746,-523.581,0.222746,0.0150311,0.342
8840000,0,-0.174309,-526.022,0.174309,0.0100417,0.369
8850000,0,-0.0621845,-526.429,0.0621845,0.0103341,0.386
8860000,0,-0.105656,-524.973,0.105656,0.0114912,0.388
8870000,0,-0.430169,-524.48,0.430169,0.0104703,0.33
8880000,0,-0.389064,-524.093,0.389064,0.0149484,0.329
8890000,0,-0.612318,-523.401,0.612318,0.0123044,0.348
8900000,0,-0.708363,-525.927,0.708363,0.00828656,0.397
8910000,0,-0.323707,-526.351,0.323707,0.0100029,0.372
8920000,0,-0.170283,-525.254,0.170283,0.00908143,0.388
8930000,0,-0.0691142,-526.793,0.0691142,0.00731622,0.403
8940000,1,0.873706,-527.401,1.07695,0.00740333,0.408
8950000,0,-0.0832293,-524.389,0.0832293,0.0107213,0.347
8960000,0,-0.106962,-524.051,0.106962,0.013689,0.337
8970000,0,-0.070236,-523.345,0.070236,0.0140425,0.392
8980000,1,2.04016,-522.995,0.155134,0.0127026,0.361
8990000,1,0.881441,-523.93,1.06516,0.0106685,0.383
9000000,0,-0.702351,-524.518,0.702351,0.0130128,0.382
9010000,0,-0.782178,-525.4,0.782178,0.0182323,0.397
9020000,0,-0.368518,-523.901,0.368518,0.0114731,0.366
9030000,0,-0.332685,-523.371,0.332685,0.0130911,0.355
9040000,2,-0.839637,-521.729,2.95245,0.0120902,0.384
9050000,1,1.00659,-524.513,0.616674,0.0105903,0.473
9060000,0,-0.51215,-523.757,0.51215,0.0103104,0.379
9070000,1,-3.59232,-525.734,1.16436,0.00942481,0.4
9080000,0,-0.921893,-524.142,0.921893,0.0100266,0.372
9090000,0,-0.591548,-527.027,0.591548,0.0119237,0.372
9100000,0,-0.461483,-523.77,0.461483,0.0103325,0.352
9110000,1,0.604582,-524.643,1.95291,0.0122549,0.378
9120000,0,-0.28772,-525.949,0.28772,0.0148321,0.369
9130000,1,0.878819,-525.802,0.928189,0.0118542,0.317
9140000,0,-0.716243,-524.301,0.716243,0.0100741,0.389
9150000,0,-0.0505016,-523.349,0.0505016,0.0112568,0.312
9160000,0,-0.321052,-523.926,0.321052,0.013587,0.35
9170000,0,-0.106939,-524.912,0.106939,0.0101571,0.348
9180000,1,0.889195,-523.272,1.3067,0.0126678,0.384
9190000,1,1.66413,-522.789,0.827349,0.0132097,0.365
9200000,1,-0.699039,-526.419,1.87623,0.00897847,0.356
9210000,1,-0.515201,-527.437,1.65194,0.00904221,0.357
9220000,0,-0.0282992,-523.285,0.0282992,0.0124673,0.402
9230000,0,-0.142505,-525.601,0.142505,0.0106516,0.375
9240000,0,-0.724866,-524.62,0.724866,0.00938719,0.401
9250000,0,-0.116769,-523.337,0.116769,0.013955,0.376
9260000,0,-0.0340756,-524.703,0.0340756,0.0157682,0.345
9270000,0,-1.1235,-525.423,1.1235,0.0144423,0.367
9280000,0,-0.177665,-527.396,0.177665,0.00878701,0.326
9290000,0,-0.112017,-524.86,0.112017,0.0153525,0.386
9300000,0,-0.490194,-524.009,0.490194,0.0142667,0.395
9310000,0,-0.402871,-525.485,0.402871,0.0149359,0.334
9320000,0,-0.447785,-525.799,0.447785,0.0125123,0.358
9330000,0,-0.0313808,-523.682,0.0313808,0.011311,0.359
9340000,1,-1.61152,-525.376,0.48394,0.0116116,0.378
9350000,1,0.162374,-524.563,1.13486,0.00985936,0.389
9360000,0,-0.311793,-523.708,0.311793,0.0121015,0.388
9370000,0,-0.167282,-523.345,0.167282,0.0123753,0.359
9380000,1,0.583681,-523.239,1.87004,0.012411,0.358
9390000,0,-0.00203061,-523.165,0.00203061,0.0125597,0.353
9400000,0,-1.72277,-524.687,1.72277,0.0139794,0.386
9410000,1,1.46459,-523.704,0.187319,0.0102684,0.361
9420000,1,-1.47887,-528.719,1.87177,0.0154184,0.332
9430000,1,-0.0363365,-526.936,2.19112,0.0084492,0.373
9440000,0,-0.847237,-524.067,0.847237,0.0126657,0.378
9450000,0,-0.255573,-526.259,0.255573,0.0152434,0.362
9460000,0,-0.0351963,-523.802,0.0351963,0.0149512,0.398
9470000,0,-0.282897,-525.818,0.282897,0.0147654,0.332
9480000,1,0.376512,-525.681,0.306805,0.00975858,0.417
9490000,0,-0.0282779,-524.555,0.0282779,0.0164315,0.401
9500000,1,-0.0889649,-523.614,0.358872,0.0115557,0.394
9510000,0,-0.433353,-527.958,0.433353,0.0102924,0.357
9520000,0,-0.0126195,-524.626,0.0126195,0.017131,0.396
9530000,1,1.22915,-524.311,0.250358,0.0106218,0.371
9540000,0,-0.0800802,-525.937,0.0800802,0.00764489,0.387
9550000,0,-0.384778,-524.433,0.384778,0.011302,0.345
9560000,0,-0.611955,-524.534,0.611955,0.0142701,0.33
9570000,0,-0.668033,-523.301,0.668033,0.0118336,0.375
9580000,1,0.907031,-524.121,1.17295,0.0142139,0.371
9590000,0,-0.0769497,-523.505,0.0769497,0.011478,0.335
9600000,1,0.456137,-525.589,1.19629,0.00887625,0.37
9610000,0,-0.34242,-526.212,0.34242,0.0098861,0.353
9620000,0,-1.62429,-523.686,1.62429,0.0130442,0.362
9630000,0,-1.29796,-524.577,1.29796,0.0121149,0.359
9640000,0,-0.614553,-523.191,0.614553,0.0118801,0.36
9650000,0,-0.422722,-525.689,0.422722,0.00933642,0.381
9660000,0,-0.428828,-524.63,0.428828,0.011222,0.357
9670000,0,-0.245958,-524.822,0.245958,0.0161574,0.346
9680000,0,-0.782895,-524.509,0.782895,0.0111964,0.382
9690000,0,-0.139558,-524.143,0.139558,0.0155379,0.386
9700000,0,-0.370131,-528.031,0.370131,0.0199959,0.341
9710000,0,-0.35896,-523.646,0.35896,0.0107928,0.325
9720000,0,-0.345125,-526.057,0.345125,0.0106754,0.357
9730000,1,0.402071,-524.089,1.74452,0.0139846,0.368
9740000,0,-0.113079,-524.078,0.113079,0.0111585,0.37
9750000,0,-0.326755,-524.391,0.326755,0.0136564,0.395
9760000,0,-0.571628,-524.575,0.571628,0.00941197,0.34
9770000,0,-0.936858,-524.196,0.936858,0.0125988,0.419
9780000,1,-2.99852,-526.83,0.550743,0.0137641,0.302
9790000,1,-0.890889,-525.166,1.81046,0.0144831,0.352
9800000,0,-0.256731,-524.943,0.256731,0.00862951,0.385
9810000,0,-0.875401,-523.74,0.875401,0.0134591,0.373
9820000,0,-0.222115,-527.521,0.222115,0.00769775,0.39
9830000,1,0.814266,-524.493,1.01347,0.0142581,0.381
9840000,0,-0.320051,-524.706,0.320051,0.0101841,0.349
9850000,0,-0.104336,-525.379,0.104336,0.00955449,0.361
9860000,0,-1.73668,-524.588,1.73668,0.0110155,0.378
9870000,0,-0.428089,-527.805,0.428089,0.0154037,0.378
9880000,0,-0.679659,-528.308,0.679659,0.00709958,0.381
9890000,0,-0.803492,-526.891,0.803492,0.0192167,0.4
9900000,0,-0.29793,-524.202,0.29793,0.0094167,0.374
9910000,0,-0.580649,-526.135,0.580649,0.00924497,0.344
9920000,0,-0.501997,-525.002,0.501997,0.0160344,0.374
9930000,0,-0.0659044,-525.476,0.0659044,0.00835448,0.404
9940000,0,-0.0760792,-523.522,0.0760792,0.0108706,0.387
9950000,1,0.395493,-524.707,0.920311,0.0129698,0.393
9960000,0,-0.405787,-525.887,0.405787,0.0112533,0.397
9970000,1,-0.157801,-524.049,2.25882,0.0129506,0.421
9980000,0,-0.721396,-524.271,0.721396,0.0125894,0.396
9990000,0,-0.479757,-525.617,0.479757,0.0170213,0.346
