generation,N_shifts,logPrior,logLik,eventRate,preservationRate,acceptRate
0,0,-1,-2281.56,1,0.5,0
10000,0,-1.40835,191.396,1.40835,4.10705,0.274
20000,3,-3.74902,197.636,2.11706,4.24382,0.29
30000,1,-1.98995,192.837,0.643608,4.21287,0.282
40000,0,-0.264032,191.376,0.264032,4.12156,0.273
50000,0,-0.576477,192.005,0.576477,4.16964,0.288
60000,0,-0.00284944,191.381,0.00284944,4.37255,0.283
70000,1,-0.0964839,189.751,0.451242,4.17812,0.298
80000,0,-0.392006,191.163,0.392006,4.11403,0.277
90000,0,-0.258786,191.495,0.258786,4.33212,0.309
100000,1,-1.75864,195.217,1.00624,4.17746,0.327
110000,0,-0.371617,192.383,0.371617,4.15712,0.297
120000,0,-0.184387,191.718,0.184387,4.23571,0.296
130000,1,-2.06349,190.802,1.72588,4.17521,0.314
140000,0,-0.217384,189.761,0.217384,4.4427,0.278
150000,0,-0.404604,189.522,0.404604,4.3456,0.304
160000,2,-1.40228,192.951,1.20759,4.15406,0.316
170000,1,0.0774641,190.771,0.876033,4.3894,0.284
180000,0,-0.0213706,191.836,0.0213706,4.26328,0.275
190000,3,-3.68776,194.763,2.11305,4.02109,0.354
200000,0,-0.0996058,190.871,0.0996058,4.24631,0.259
210000,0,-1.2685,192.352,1.2685,4.26273,0.258
220000,0,-0.146796,192.304,0.146796,4.24686,0.232
230000,0,-0.00188716,192.029,0.00188716,4.24284,0.316
240000,0,-0.899959,192.311,0.899959,4.26255,0.271
250000,0,-1.16615,188.712,1.16615,4.46798,0.252
260000,2,-1.15446,197.373,0.370497,4.22801,0.348
270000,0,-0.0776495,190.731,0.0776495,4.09713,0.287
280000,2,-2.56325,198.364,0.780533,4.21356,0.305
290000,3,-2.11351,196.175,2.20702,4.1882,0.345
300000,0,-0.156462,190.846,0.156462,4.31596,0.281
310000,1,0.315044,193.37,0.613715,4.29214,0.338
320000,5,-8.88443,194.756,3.58277,4.36427,0.291
330000,0,-0.379497,190.756,0.379497,4.15102,0.294
340000,2,-1.7269,189.232,1.38813,4.23893,0.298
350000,1,-2.33038,197.96,1.29243,4.16024,0.33
360000,0,-0.14957,189.812,0.14957,4.03296,0.269
370000,0,-0.435455,191.523,0.435455,4.13731,0.261
380000,2,-1.90312,198.085,1.52874,4.18545,0.294
390000,0,-2.25777,191.717,2.25777,4.20034,0.288
400000,0,-0.622447,192.409,0.622447,4.26301,0.235
410000,0,-0.0340536,191.183,0.0340536,4.0988,0.305
420000,1,-0.863152,194.071,0.398352,4.2233,0.344
430000,1,-0.776227,192.177,0.328052,4.24573,0.271
440000,1,0.401694,191.516,0.480636,4.28548,0.319
450000,5,-5.33318,197.312,3.28357,4.25816,0.305
460000,1,-2.2791,191.211,0.509058,4.21096,0.297
470000,0,-0.234707,191.675,0.234707,4.09891,0.316
480000,0,-0.287359,191.921,0.287359,4.27216,0.291
490000,0,-0.131342,190.374,0.131342,4.21623,0.301
500000,1,-5.34751,193.03,1.2538,4.27287,0.245
510000,1,-3.57899,188.548,1.8346,4.29069,0.282
520000,0,-1.02504,189.611,1.02504,4.12648,0.32
530000,0,-0.937815,191.829,0.937815,4.1254,0.261
540000,0,-1.40772,189.812,1.40772,4.1469,0.277
550000,1,-0.0826826,188.745,0.772462,4.38368,0.251
560000,1,-1.28551,191.377,0.244111,3.92251,0.288
570000,0,-0.0487782,190.696,0.0487782,4.29239,0.274
580000,3,-3.35227,194.683,0.795498,4.14386,0.294
590000,0,-0.439862,191.367,0.439862,4.06957,0.301
600000,0,-0.266778,190.086,0.266778,4.09175,0.277
610000,0,-0.0863231,190.4,0.0863231,4.37349,0.279
620000,1,-2.26846,192.87,0.484954,4.13937,0.267
630000,1,-1.84137,197.588,0.222718,4.20508,0.303
640000,0,-0.188745,191.505,0.188745,4.26727,0.318
650000,0,-0.064686,188.932,0.064686,4.25538,0.297
660000,1,-0.988798,190.739,0.844023,4.38365,0.279
670000,0,-0.1392,191.845,0.1392,4.34119,0.268
680000,0,-0.28794,190.753,0.28794,4.07891,0.326
690000,0,-0.69735,192.093,0.69735,4.12337,0.257
700000,0,-0.904204,192.183,0.904204,4.2418,0.261
710000,1,-1.18001,191.749,1.13675,4.18865,0.279
720000,0,-0.0887316,189.672,0.0887316,4.07929,0.322
730000,0,-0.393206,192.437,0.393206,4.21822,0.27
740000,0,-0.429327,190.688,0.429327,4.16135,0.324
750000,0,-0.167454,190.403,0.167454,4.33011,0.268
760000,0,-0.866515,192.037,0.866515,4.24669,0.29
770000,3,-5.6373,196.623,1.67747,4.02654,0.316
780000,2,-2.72646,194.51,2.11324,4.18477,0.339
790000,3,-5.69305,196.189,1.36079,4.08991,0.296
800000,0,-0.493758,191.053,0.493758,4.27617,0.254
810000,0,-0.0707955,191.919,0.0707955,4.30858,0.282
820000,0,-0.0437,188.516,0.0437,4.24676,0.283
830000,0,-0.267831,191.044,0.267831,4.26979,0.294
840000,1,-0.369823,191.774,0.218126,4.1227,0.316
850000,0,-1.13777,189.897,1.13777,4.42144,0.263
860000,1,-0.692779,191.606,0.65188,4.28976,0.253
870000,1,-5.93618,196.763,4.53302,4.18643,0.315
880000,0,-0.0788848,191.69,0.0788848,4.15993,0.289
890000,2,-3.70148,193.172,1.81213,4.1956,0.354
900000,0,-0.105205,189.312,0.105205,4.08737,0.274
910000,2,-1.99116,193.643,1.10413,4.13932,0.332
920000,0,-0.590047,190.659,0.590047,4.17336,0.342
930000,0,-0.304961,190.024,0.304961,4.32088,0.302
940000,1,-3.95705,192.873,2.71575,4.21909,0.282
950000,0,-0.307486,192.399,0.307486,4.21272,0.234
960000,0,-2.27277,192.253,2.27277,4.25504,0.317
970000,0,-0.236478,189.776,0.236478,4.15744,0.328
980000,0,-1.70667,192.303,1.70667,4.24422,0.279
990000,1,-2.29754,197.919,0.894467,4.3139,0.281
1000000,0,-0.669276,192.104,0.669276,4.12026,0.288
1010000,0,-0.00242065,190.949,0.00242065,4.14967,0.294
1020000,1,-5.40208,197.229,4.58282,4.12274,0.335
1030000,0,-0.0146179,191.352,0.0146179,4.33382,0.247
1040000,3,-2.67263,196.595,1.77274,4.15675,0.292
1050000,1,-1.85127,193.552,1.74262,4.16545,0.321
1060000,3,-4.90737,194.32,2.76226,4.15066,0.335
1070000,1,-5.43593,192.758,1.94556,4.31105,0.267
1080000,2,-3.13165,194.66,2.36506,4.46135,0.308
1090000,0,-0.961028,191.996,0.961028,4.16042,0.302
1100000,3,-3.43293,198.185,0.874913,4.17683,0.336
1110000,0,-1.35006,192.023,1.35006,4.1211,0.262
1120000,2,-3.28145,191.66,2.30137,4.10043,0.321
1130000,2,-2.51474,188.358,1.69103,4.05211,0.291
1140000,0,-0.673391,191.6,0.673391,4.30671,0.283
1150000,0,-0.70934,192.239,0.70934,4.19949,0.305
1160000,0,-0.328632,190.387,0.328632,4.06449,0.265
1170000,0,-1.15454,191.547,1.15454,4.13186,0.265
1180000,1,-1.41353,194.446,1.12039,4.30319,0.29
1190000,0,-0.36774,190.373,0.36774,4.03923,0.269
1200000,2,-1.96812,190.323,0.768557,4.21065,0.322
1210000,0,-0.38877,190.718,0.38877,4.0941,0.343
1220000,0,-0.0919412,192.083,0.0919412,4.14189,0.285
1230000,0,-0.618513,191.435,0.618513,4.08883,0.268
1240000,1,-2.00515,193.793,0.544105,4.17105,0.327
1250000,0,-0.55023,191.826,0.55023,4.31626,0.303
1260000,1,-3.02502,196.24,2.16446,4.31527,0.343
1270000,1,-1.47592,195.173,0.4953,4.25851,0.233
1280000,0,-0.0833051,186.264,0.0833051,3.90713,0.323
1290000,0,-0.0743781,190.572,0.0743781,4.12797,0.273
1300000,1,-3.50098,192.701,1.00206,4.22191,0.259
1310000,1,-1.94746,195.539,1.34273,4.18307,0.268
1320000,0,-0.143911,191.545,0.143911,4.29352,0.29
1330000,2,-3.87168,198.151,3.21273,4.16767,0.254
1340000,0,-0.119216,192.391,0.119216,4.22283,0.26
1350000,2,0.140567,191.696,1.2035,4.18455,0.319
1360000,0,-0.297252,191.123,0.297252,4.30672,0.308
1370000,1,-1.87031,198.564,0.591115,4.17639,0.328
1380000,0,-0.968782,191.93,0.968782,4.28166,0.291
1390000,0,-1.2414,192.573,1.2414,4.21807,0.291
1400000,1,-2.27768,194.844,0.653729,4.03101,0.301
1410000,0,-0.776024,191.9,0.776024,4.20588,0.288
1420000,1,-1.04244,190.132,1.46028,4.30064,0.309
1430000,0,-0.0446079,189.737,0.0446079,4.20484,0.249
1440000,0,-0.0506721,189.542,0.0506721,4.46179,0.264
1450000,0,-0.458141,192.47,0.458141,4.18475,0.257
1460000,2,-3.12239,191.832,2.65629,4.24204,0.334
1470000,0,-1.38666,192.188,1.38666,4.19304,0.278
1480000,0,-0.229155,191.498,0.229155,4.34006,0.326
1490000,0,-0.290069,191.082,0.290069,4.09617,0.314
1500000,0,-0.0665849,191.825,0.0665849,4.26533,0.308
1510000,0,-0.00840926,192.188,0.00840926,4.15219,0.291
1520000,0,-0.0645996,189.825,0.0645996,4.27652,0.271
1530000,0,-0.142311,192.274,0.142311,4.14553,0.275
1540000,1,-2.72101,191.27,2.2384,4.2172,0.266
1550000,0,-0.619852,190.565,0.619852,4.22301,0.277
1560000,0,-1.24878,191.397,1.24878,4.22438,0.307
1570000,0,-0.213232,189.417,0.213232,4.07971,0.279
1580000,0,-0.363556,190.952,0.363556,4.09216,0.283
1590000,3,-5.67557,195.574,0.977303,4.21547,0.361
1600000,3,-5.05675,191.367,1.8131,4.331,0.353
1610000,2,-3.82469,192.774,1.56704,4.151,0.307
1620000,0,-0.0603953,192.53,0.0603953,4.20881,0.26
1630000,0,-0.105493,190.936,0.105493,4.34008,0.288
1640000,3,0.85891,190.651,0.703819,4.22098,0.298
1650000,5,-4.98788,190.368,2.7933,4.41906,0.289
1660000,0,-1.8466,189.732,1.8466,4.43961,0.285
1670000,0,-0.647773,191.232,0.647773,4.08575,0.24
1680000,1,-1.85675,196.595,1.33612,4.17798,0.288
1690000,0,-0.989931,192.312,0.989931,4.22058,0.307
1700000,1,-2.18739,191.32,0.767988,4.04595,0.268
1710000,0,-0.458596,189.848,0.458596,4.20001,0.323
1720000,0,-0.0201487,192.194,0.0201487,4.28884,0.283
1730000,0,-0.274005,190.165,0.274005,4.26571,0.287
1740000,2,-8.25883,196.725,1.91474,4.20078,0.334
1750000,0,-0.0503732,190.925,0.0503732,4.18849,0.298
1760000,0,-0.381297,190.955,0.381297,4.38366,0.259
1770000,2,-4.05356,188.256,2.21537,4.02054,0.297
1780000,1,-4.92388,191.469,1.72951,4.08318,0.265
1790000,0,-0.468392,191.309,0.468392,4.31117,0.313
1800000,0,-0.526819,192.522,0.526819,4.2103,0.267
1810000,0,-0.131001,192.469,0.131001,4.20929,0.317
1820000,4,-6.58009,193.193,4.39164,4.40161,0.319
1830000,1,-2.11807,195.196,1.6688,4.28777,0.295
1840000,0,-0.529677,189.762,0.529677,4.43748,0.242
1850000,1,-2.07991,197.385,0.95121,4.19781,0.329
1860000,0,-0.770254,192.444,0.770254,4.18312,0.3
1870000,0,-1.51362,192.131,1.51362,4.2111,0.291
1880000,3,-6.32247,193.014,2.871,4.33774,0.333
1890000,0,-0.3721,186.632,0.3721,4.01224,0.276
1900000,2,-3.90549,191.15,2.30626,4.2503,0.27
1910000,0,-0.973447,190.182,0.973447,4.30419,0.264
1920000,1,-2.32869,193.301,0.811679,4.23466,0.305
1930000,3,-1.74833,190.095,2.04336,4.34263,0.287
1940000,0,-1.10226,191.484,1.10226,4.18407,0.265
1950000,1,-1.96952,190.151,1.98898,4.26158,0.301
1960000,0,-2.94496,188.364,2.94496,4.32039,0.306
1970000,0,-0.363375,192.155,0.363375,4.22243,0.331
1980000,1,-1.84898,195.361,1.20663,4.12204,0.347
1990000,0,-0.424248,192.072,0.424248,4.18739,0.29
2000000,0,-0.332961,191.955,0.332961,4.17714,0.268
2010000,1,-1.61966,193.96,0.451841,4.29319,0.299
2020000,0,-1.91805,191.388,1.91805,4.20815,0.263
2030000,0,-0.696505,192.261,0.696505,4.13876,0.306
2040000,0,-0.222919,190.323,0.222919,4.39133,0.261
2050000,1,-2.70653,195.262,2.03895,4.19601,0.252
2060000,0,-0.339978,192.331,0.339978,4.18387,0.293
2070000,0,-1.10827,190.643,1.10827,4.17932,0.273
2080000,1,-1.82587,196.602,0.915854,4.04098,0.289
2090000,1,-1.20052,192.414,1.06376,4.2882,0.268
2100000,0,-2.24728,190.616,2.24728,4.15142,0.348
2110000,0,-1.2635,192.247,1.2635,4.20877,0.282
2120000,0,-0.85847,187.904,0.85847,4.45314,0.284
2130000,0,-0.0830079,191.298,0.0830079,4.11738,0.265
2140000,0,-1.1248,191.975,1.1248,4.15682,0.277
2150000,1,-6.28044,187.33,2.1305,4.37746,0.319
2160000,1,-2.68885,196.137,1.16812,4.3365,0.275
2170000,0,-1.92587,192.177,1.92587,4.25547,0.265
2180000,0,-0.445892,190.376,0.445892,4.37669,0.307
2190000,0,-0.493737,190.029,0.493737,4.40019,0.305
2200000,0,-0.421851,188.353,0.421851,4.0484,0.27
2210000,4,-8.23376,199.937,2.62267,4.20611,0.334
2220000,0,-0.41412,191.393,0.41412,4.31358,0.257
2230000,0,-0.774193,192.372,0.774193,4.21931,0.273
2240000,0,-1.11644,192.114,1.11644,4.1876,0.328
2250000,0,-0.442418,192.016,0.442418,4.15964,0.29
2260000,1,-0.170152,190.446,0.397835,4.32468,0.263
2270000,1,-1.32837,197.676,0.208779,4.18534,0.35
2280000,1,0.527891,194.675,0.246096,4.21062,0.265
2290000,2,-3.52915,196.502,0.684174,4.10149,0.284
2300000,1,-2.26001,191.299,1.38053,4.15463,0.324
2310000,3,-3.85969,190.068,1.86305,4.3022,0.312
2320000,0,-0.102836,191.263,0.102836,4.18204,0.253
2330000,6,-7.89239,197.663,3.33175,4.30587,0.354
2340000,2,-1.84177,195.643,1.61399,4.24172,0.3
2350000,1,-2.25815,198.198,0.292376,4.17178,0.276
2360000,0,-0.220286,191.246,0.220286,4.19706,0.264
2370000,0,-0.603878,192.415,0.603878,4.16345,0.288
2380000,2,-2.12227,194.897,1.01107,4.04819,0.256
2390000,0,-0.552523,189.96,0.552523,4.3568,0.283
2400000,2,-10.6703,194.472,1.86589,4.2349,0.332
2410000,6,-5.1244,188.886,2.39023,4.16039,0.292
2420000,0,-0.495242,187.658,0.495242,4.12603,0.257
2430000,2,-3.84733,192.991,0.525947,4.23548,0.294
2440000,0,-0.23428,190.575,0.23428,4.11207,0.276
2450000,0,-0.11781,191.934,0.11781,4.12588,0.284
2460000,0,-1.1246,192.527,1.1246,4.20763,0.305
2470000,2,-2.22529,191.972,1.68978,4.20062,0.299
2480000,0,-0.216504,186.192,0.216504,4.5538,0.309
2490000,0,-0.403359,191.007,0.403359,4.22808,0.24
2500000,1,-3.82041,192.904,0.710486,4.30536,0.336
2510000,1,-1.86196,196.179,1.02872,4.37522,0.315
2520000,3,-3.64924,194.814,1.46185,4.19505,0.281
2530000,0,-0.707943,191.325,0.707943,4.28119,0.282
2540000,3,-4.07473,191.517,1.38598,4.23573,0.301
2550000,2,-2.02468,192,1.60434,4.19377,0.283
2560000,1,-5.28433,192.66,3.29909,4.24638,0.264
2570000,0,-1.03102,191.329,1.03102,4.21849,0.28
2580000,0,-0.121968,191.797,0.121968,4.21358,0.283
2590000,1,0.267264,191.098,0.5434,4.13303,0.241
2600000,2,-4.30565,195.31,1.01473,4.07183,0.314
2610000,0,-0.806418,191.8,0.806418,4.26887,0.27
2620000,0,-0.181864,191.57,0.181864,4.19841,0.251
2630000,0,-0.236263,189.157,0.236263,4.35373,0.269
2640000,1,-0.223021,188.79,0.460736,4.29937,0.249
2650000,2,-5.11874,196.855,2.14248,4.11096,0.313
2660000,1,-1.97488,191.785,1.85409,4.2175,0.263
2670000,1,-0.318147,191.74,0.628729,4.28018,0.349
2680000,0,-0.350417,187.669,0.350417,3.93573,0.312
2690000,0,-0.0470967,190.87,0.0470967,4.20629,0.299
2700000,0,-0.0220759,190.825,0.0220759,4.2236,0.294
2710000,1,-1.98998,192.756,0.174222,4.25387,0.279
2720000,0,-0.0329333,190.423,0.0329333,4.27362,0.279
2730000,2,-0.506447,194.608,0.942095,4.19538,0.369
2740000,0,-0.28372,191.879,0.28372,4.18559,0.33
2750000,3,-4.22279,191.557,1.13721,4.09009,0.282
2760000,1,-3.2409,197.45,1.97026,4.10219,0.326
2770000,3,-6.09189,194.186,3.05964,4.09978,0.313
2780000,0,-0.308353,191.179,0.308353,4.30893,0.289
2790000,0,-0.214945,191.713,0.214945,4.195,0.307
2800000,1,-0.0401346,188.482,0.545573,4.14717,0.284
2810000,0,-0.0845895,192.201,0.0845895,4.1947,0.25
2820000,0,-0.581595,190.896,0.581595,4.38553,0.276
2830000,0,-1.26683,190.585,1.26683,4.41428,0.331
2840000,2,-4.76065,193.802,3.27206,4.37706,0.302
2850000,0,-1.08396,192.478,1.08396,4.26198,0.285
2860000,0,-2.11037,190.758,2.11037,4.33123,0.251
2870000,6,-3.31309,198.561,1.82633,4.17189,0.304
2880000,1,-5.67158,191.444,3.60801,4.15615,0.335
2890000,1,-3.31884,192.381,2.82969,4.29028,0.31
2900000,1,-1.07121,197.936,0.025467,4.33776,0.338
2910000,1,0.0262694,191.906,0.511633,4.15234,0.272
2920000,1,-1.28997,198.172,0.524978,4.29379,0.299
2930000,0,-0.278213,189.784,0.278213,4.1299,0.28
2940000,0,-0.108501,189.016,0.108501,4.02101,0.274
2950000,3,-3.09337,194.398,2.54871,4.37772,0.328
2960000,0,-0.169228,189.856,0.169228,4.31371,0.324
2970000,0,-0.230395,191.047,0.230395,4.30247,0.29
2980000,0,-2.69328,190.816,2.69328,4.37192,0.246
2990000,0,-0.347989,191.519,0.347989,4.31273,0.281
3000000,0,-0.592309,190.97,0.592309,4.15253,0.328
3010000,0,-0.0812934,189.734,0.0812934,4.19396,0.307
3020000,2,-0.944641,189.167,1.42692,4.30459,0.273
3030000,1,-2.1828,196.108,0.26575,4.26725,0.314
3040000,3,-2.1439,192.425,0.496164,4.13558,0.327
3050000,0,-0.0251437,189.52,0.0251437,4.05936,0.26
3060000,0,-0.081092,192.17,0.081092,4.16629,0.28
3070000,0,-0.16502,192.42,0.16502,4.26503,0.324
3080000,0,-0.599333,190.332,0.599333,4.12249,0.274
3090000,1,-3.17631,192.018,3.0446,4.27288,0.307
3100000,2,-5.50805,192.834,1.1214,4.26845,0.28
3110000,0,-0.185047,192.49,0.185047,4.24634,0.294
3120000,0,-0.00201716,192.026,0.00201716,4.25573,0.273
3130000,0,-0.147237,190.761,0.147237,4.34095,0.28
3140000,0,-0.143422,188.233,0.143422,3.98586,0.268
3150000,1,-4.77316,195.277,3.5651,4.2787,0.317
3160000,1,-2.7323,196.047,1.12453,4.16767,0.355
3170000,0,-1.08337,190.685,1.08337,4.05035,0.296
3180000,0,-0.841767,190.712,0.841767,4.24584,0.242
3190000,1,-4.18299,192.074,3.51092,4.15408,0.331
3200000,3,-0.043378,194.04,1.27259,4.21659,0.315
3210000,0,-0.244763,191.478,0.244763,4.10845,0.264
3220000,0,-0.356958,190.363,0.356958,4.19328,0.298
3230000,1,-1.81612,196.625,0.454879,4.04513,0.311
3240000,2,-5.80671,197.137,4.13238,4.25717,0.318
3250000,1,-2.30542,197.101,1.26139,4.1587,0.264
3260000,0,-0.252203,189.31,0.252203,4.1532,0.313
3270000,0,-0.287032,190.898,0.287032,4.07402,0.293
3280000,0,-0.367484,191.309,0.367484,4.15741,0.276
3290000,1,-2.94234,191.067,0.803711,4.2384,0.322
3300000,0,-0.763242,191.196,0.763242,4.33769,0.299
3310000,1,0.25422,191.011,0.630882,4.11563,0.279
3320000,1,-1.38443,190.541,1.48023,4.34326,0.252
3330000,1,-2.53535,196.204,1.1017,4.12461,0.277
3340000,0,-0.0136967,187.737,0.0136967,4.02961,0.33
3350000,1,-1.91977,197.969,0.771234,4.20169,0.285
3360000,4,-5.82084,195.135,4.14687,4.06866,0.313
3370000,2,-5.71492,195.355,2.17714,4.14037,0.284
3380000,0,-0.603492,192.037,0.603492,4.15566,0.297
3390000,0,-0.645772,191.963,0.645772,4.11208,0.264
3400000,0,-0.332218,189.692,0.332218,4.27082,0.307
3410000,1,-0.514384,191.906,0.544811,4.27278,0.313
3420000,0,-0.779262,191,0.779262,4.03995,0.284
3430000,1,-2.29118,190.806,1.03349,4.27388,0.297
3440000,1,-1.13164,192.167,0.971701,4.23552,0.268
3450000,1,-2.31466,195.975,0.885469,4.18159,0.318
3460000,0,-0.0539993,191.751,0.0539993,4.16123,0.287
3470000,1,-0.418841,189.619,0.638746,4.06479,0.298
3480000,2,-4.03699,190.683,1.46701,4.21002,0.274
3490000,0,-0.00888328,191.816,0.00888328,4.28532,0.362
3500000,0,-0.299824,190.562,0.299824,4.15628,0.336
3510000,0,-1.33978,192.126,1.33978,4.19115,0.288
3520000,0,-0.00203186,191.196,0.00203186,4.31197,0.243
3530000,0,-0.33669,191.09,0.33669,4.05885,0.324
3540000,1,-1.34738,191.652,1.05816,4.31753,0.356
3550000,0,-0.0385525,191.723,0.0385525,4.33227,0.266
3560000,0,-0.243423,192.487,0.243423,4.24506,0.319
3570000,2,-1.00377,193.036,0.777257,4.19136,0.294
3580000,1,-1.24848,189.139,2.02039,4.0738,0.255
3590000,0,-0.00610247,191.918,0.00610247,4.21776,0.29
3600000,0,-0.912047,189.549,0.912047,3.97534,0.274
3610000,0,-0.21768,192.26,0.21768,4.16439,0.245
3620000,2,-5.60967,193.253,0.559575,4.2358,0.284
3630000,0,-0.00213246,191.435,0.00213246,4.20473,0.308
3640000,0,-0.749405,192.42,0.749405,4.17499,0.303
3650000,0,-0.781553,192.541,0.781553,4.21705,0.329
3660000,1,-1.86861,191.402,0.368053,4.28386,0.333
3670000,2,-1.0612,192.343,1.88748,4.14857,0.267
3680000,3,-7.23478,197.024,1.72502,4.00681,0.296
3690000,1,-2.56674,192.204,2.16535,3.98388,0.335
3700000,1,-2.22714,192.398,0.505175,4.23943,0.289
3710000,0,-0.516753,191.602,0.516753,4.22952,0.289
3720000,1,-1.52322,189.99,0.349455,4.27525,0.289
3730000,1,-3.31049,196.15,1.71501,4.28162,0.284
3740000,1,-2.59666,191.59,1.06644,4.25689,0.32
3750000,0,-0.680604,191.813,0.680604,4.23725,0.333
3760000,0,-0.999779,189.944,0.999779,4.40575,0.239
3770000,0,-0.795221,192.039,0.795221,4.26341,0.274
3780000,0,-0.027323,188.954,0.027323,4.20612,0.292
3790000,0,-1.39629,190.224,1.39629,4.41746,0.321
3800000,1,-1.73081,190.265,2.54895,4.08586,0.301
3810000,0,-2.04882,192.227,2.04882,4.13488,0.305
3820000,0,-0.901351,192.044,0.901351,4.12393,0.339
3830000,0,-0.772325,191.676,0.772325,4.20403,0.285
3840000,2,0.260264,193.668,0.494903,4.23192,0.285
3850000,1,-3.49576,191.611,1.51514,4.11939,0.312
3860000,0,-0.264356,192.445,0.264356,4.21503,0.279
3870000,1,-2.50114,191.795,1.34747,4.26827,0.269
3880000,0,-0.216052,191.189,0.216052,4.38144,0.275
3890000,0,-0.144954,191.659,0.144954,4.22747,0.282
3900000,0,-1.5925,192.294,1.5925,4.15622,0.246
3910000,1,-0.850925,191.644,0.405481,4.16626,0.298
3920000,0,-0.636529,191.16,0.636529,4.32515,0.304
3930000,0,-0.19099,192.044,0.19099,4.25646,0.311
3940000,0,-0.379772,192.251,0.379772,4.29565,0.308
3950000,2,-8.81705,193.883,1.79831,4.46532,0.377
3960000,1,-1.98436,197.24,1.35981,4.23784,0.261
3970000,3,-5.25852,195.059,3.21846,4.14169,0.294
3980000,1,0.0672746,188.609,0.672057,4.04298,0.276
3990000,1,-0.62089,194.488,0.121976,4.21858,0.333
4000000,0,-0.498188,191.915,0.498188,4.12838,0.288
4010000,2,-0.968939,198.288,0.978759,4.22039,0.372
4020000,0,-0.100676,191.162,0.100676,4.10991,0.289
4030000,0,-0.125582,191.869,0.125582,4.15358,0.274
4040000,1,-1.98911,191.692,0.913864,4.06095,0.309
4050000,1,-3.12965,192.834,2.40408,4.06581,0.26
4060000,2,-1.54436,192.708,0.978116,4.22159,0.308
4070000,0,-0.605972,191.158,0.605972,4.12689,0.261
4080000,0,-0.369706,190.475,0.369706,4.15928,0.291
4090000,0,-0.113878,191.898,0.113878,4.16618,0.306
4100000,1,-0.759434,192.411,0.814082,4.20964,0.278
4110000,1,-0.508826,193.818,1.39855,4.2044,0.288
4120000,0,-0.338456,189.666,0.338456,4.13674,0.311
4130000,4,-3.80783,192.807,2.07752,4.25621,0.291
4140000,1,-1.92458,191.448,1.16806,4.07803,0.292
4150000,2,-6.13452,192.973,2.09874,4.08405,0.299
4160000,0,-1.12943,192.09,1.12943,4.13867,0.313
4170000,0,-0.129466,191.514,0.129466,4.11756,0.305
4180000,0,-1.26612,192.26,1.26612,4.24527,0.325
4190000,1,-0.35422,192.108,1.00889,4.24796,0.274
4200000,2,-3.54449,196.059,1.90757,4.21948,0.32
4210000,2,-3.48461,189.698,2.48248,4.11486,0.253
4220000,1,-3.55363,191.779,1.20725,4.21677,0.259
4230000,0,-0.716999,190.646,0.716999,4.09442,0.283
4240000,0,-0.450835,188.142,0.450835,4.46812,0.347
4250000,2,-2.34993,193.098,0.793612,4.38158,0.272
4260000,0,-0.484062,188.899,0.484062,4.44224,0.283
4270000,1,-2.38336,193.4,2.68025,4.22749,0.321
4280000,0,-0.831859,191.39,0.831859,4.28419,0.247
4290000,0,-0.497984,192.327,0.497984,4.26315,0.312
4300000,0,-0.266888,190.937,0.266888,4.15652,0.296
4310000,2,-1.14024,190.015,1.01235,4.26987,0.24
4320000,2,-4.73186,190.898,1.35523,4.31833,0.296
4330000,0,-0.864063,191.464,0.864063,4.27629,0.331
4340000,0,-0.35783,188.946,0.35783,4.33408,0.353
4350000,1,-0.654947,190.786,0.676457,4.27977,0.301
4360000,0,-0.602166,191.804,0.602166,4.09857,0.31
4370000,3,-4.87601,199.368,2.17567,4.128,0.302
4380000,0,-1.20317,192.349,1.20317,4.20536,0.277
4390000,0,-0.103932,191.39,0.103932,4.21127,0.258
4400000,0,-0.180117,191.021,0.180117,4.14746,0.236
4410000,0,-0.405605,188.467,0.405605,4.25646,0.311
4420000,2,-6.29085,192.068,3.3346,4.2719,0.332
4430000,1,0.271163,190.667,0.632944,4.37182,0.263
4440000,0,-0.472009,190.159,0.472009,4.29165,0.271
4450000,0,-0.160421,185.884,0.160421,4.13924,0.298
4460000,1,-3.0729,190.552,0.672629,4.37525,0.324
4470000,1,-4.07604,191.363,3.39688,4.243,0.256
4480000,0,-0.07265,191.385,0.07265,4.10369,0.298
4490000,2,-2.09821,185.629,1.7465,4.22216,0.285
4500000,2,-5.23862,197.139,2.75078,4.08806,0.29
4510000,0,-0.796195,191.569,0.796195,4.266,0.274
4520000,1,-1.0383,193.785,0.641002,4.02049,0.296
4530000,0,-0.327177,190.282,0.327177,4.43831,0.325
4540000,1,-1.94677,197.462,1.0276,4.23134,0.269
4550000,1,-3.42616,193.691,0.989704,4.19666,0.302
4560000,0,-0.793422,190.799,0.793422,4.26808,0.281
4570000,0,-0.659546,191.73,0.659546,4.2226,0.309
4580000,4,-6.62185,197.415,1.57764,4.20998,0.332
4590000,0,-0.100963,192.483,0.100963,4.18656,0.301
4600000,1,-1.23905,190.23,1.55194,4.36073,0.262
4610000,0,-0.367696,187.764,0.367696,4.18689,0.252
4620000,0,-0.310952,190.595,0.310952,4.2311,0.297
4630000,0,-0.124764,189.879,0.124764,4.21748,0.272
4640000,0,-0.0992095,189.156,0.0992095,4.21006,0.323
4650000,1,-1.74844,190.695,1.1739,4.14094,0.28
4660000,3,-3.6924,190.932,2.82807,4.20565,0.307
4670000,1,-1.26896,189.082,1.52215,4.27062,0.288
4680000,1,-1.88027,197.592,0.548727,4.13245,0.332
4690000,0,-0.433793,189.268,0.433793,4.28891,0.257
4700000,0,-0.67079,192.316,0.67079,4.15099,0.287
4710000,1,-3.83903,190.492,2.05623,4.19039,0.278
4720000,0,-0.779764,190.442,0.779764,4.02697,0.273
4730000,0,-0.3894,192.226,0.3894,4.26253,0.348
4740000,0,-0.574219,192.45,0.574219,4.21059,0.306
4750000,0,-0.367886,192.013,0.367886,4.21466,0.307
4760000,0,-1.21065,190.67,1.21065,4.19593,0.299
4770000,0,-0.596465,191.157,0.596465,4.37361,0.27
4780000,1,-0.453834,192.596,0.588545,4.25758,0.324
4790000,1,-2.46216,191.469,1.23189,4.35353,0.317
4800000,0,-0.611666,192.002,0.611666,4.20337,0.282
4810000,0,-0.72167,191.569,0.72167,4.18291,0.282
4820000,2,-2.71174,186.286,1.80074,4.58214,0.306
4830000,0,-0.289368,191.212,0.289368,4.24536,0.296
4840000,0,-0.459933,189.835,0.459933,4.44225,0.243
4850000,0,-0.21762,191.981,0.21762,4.2814,0.36
4860000,1,-0.74013,190.664,1.31687,4.26748,0.33
4870000,0,-0.658411,191.81,0.658411,4.14421,0.309
4880000,0,-0.0151166,192.352,0.0151166,4.2387,0.25
4890000,0,-0.0654841,192.491,0.0654841,4.19228,0.242
4900000,0,-0.716421,190.242,0.716421,4.2229,0.301
4910000,2,-3.39831,192.529,0.977468,4.25657,0.288
4920000,0,-1.70874,190.091,1.70874,4.06022,0.258
4930000,0,-0.406143,190.726,0.406143,4.29015,0.294
4940000,1,-1.39878,197.434,0.395113,4.30211,0.32
4950000,0,-0.0655818,192.223,0.0655818,4.19783,0.252
4960000,0,-0.666307,189.421,0.666307,4.02848,0.274
4970000,0,-0.120815,191.376,0.120815,4.11549,0.285
4980000,0,-0.0394591,188.437,0.0394591,4.07729,0.264
4990000,0,-0.554656,191.787,0.554656,4.21224,0.279
5000000,1,-2.01573,191.792,0.926274,4.18015,0.312
5010000,3,-3.29145,192.906,0.519661,4.17831,0.31
5020000,0,-0.432164,191.676,0.432164,4.09183,0.279
5030000,0,-0.0305971,190.9,0.0305971,4.34348,0.287
5040000,0,-0.525818,191.419,0.525818,4.16542,0.292
5050000,2,-3.9426,192.242,1.54865,4.24669,0.308
5060000,0,-0.174553,189.721,0.174553,4.33102,0.292
5070000,1,-0.47134,192.064,0.995476,4.23827,0.31
5080000,2,-6.70613,198.556,2.3439,4.22811,0.329
5090000,0,-0.95744,191.111,0.95744,4.31952,0.309
5100000,0,-0.831019,191.914,0.831019,4.28078,0.37
5110000,0,-0.216969,190.086,0.216969,4.4326,0.254
5120000,2,-3.67573,198.275,2.2814,4.25622,0.286
5130000,1,-5.63911,191.092,0.238985,4.11578,0.289
5140000,0,-2.37321,189.145,2.37321,4.37132,0.265
5150000,1,-3.86737,192.927,3.22458,4.08645,0.264
5160000,1,-3.50824,190.567,2.00799,4.38587,0.304
5170000,0,-0.387996,191.904,0.387996,4.26218,0.346
5180000,0,-1.56552,192.112,1.56552,4.20843,0.272
5190000,0,-0.0981161,191.269,0.0981161,4.12336,0.269
5200000,1,-1.54677,194.661,0.794628,4.00522,0.265
5210000,2,-2.07005,192.777,1.44124,4.26079,0.332
5220000,1,-3.47329,194.579,1.5417,4.21602,0.371
5230000,0,-0.0644249,191.348,0.0644249,4.37631,0.313
5240000,0,-0.0891223,191.493,0.0891223,4.32817,0.279
5250000,0,-0.0306906,192.4,0.0306906,4.2041,0.344
5260000,0,-0.333453,190.222,0.333453,4.08892,0.272
5270000,0,-0.210393,191.082,0.210393,4.23874,0.277
5280000,1,-0.122724,191.504,0.525962,4.10423,0.284
5290000,0,-0.203019,192.056,0.203019,4.24912,0.28
5300000,0,-0.1627,192.192,0.1627,4.15835,0.319
5310000,1,-1.43746,194.878,0.353367,4.17377,0.304
5320000,2,-5.94322,192.844,2.63041,4.25393,0.271
5330000,0,-0.1266,191.019,0.1266,4.35066,0.304
5340000,0,-1.33095,192.127,1.33095,4.20137,0.33
5350000,1,-1.88209,194.042,1.13881,4.14362,0.256
5360000,3,-4.05372,196.955,1.18451,4.01379,0.274
5370000,0,-1.27747,192.451,1.27747,4.25886,0.267
5380000,3,-3.35616,197.044,1.57184,4.12099,0.346
5390000,0,-0.159029,190.847,0.159029,4.12539,0.286
5400000,0,-0.789278,191.485,0.789278,4.17966,0.28
5410000,1,-4.40506,192.867,0.753792,4.31136,0.275
5420000,1,-0.219792,187.306,0.0632351,4.02289,0.273
5430000,0,-0.208034,191.165,0.208034,4.3166,0.302
5440000,0,-0.017614,190.765,0.017614,4.3063,0.28
5450000,1,-2.95101,193.456,1.72851,4.26781,0.285
5460000,2,-3.93444,191.429,1.60296,4.07948,0.34
5470000,1,-1.87847,196.808,0.33706,4.08861,0.276
5480000,3,-7.5618,195.378,2.48287,4.30601,0.322
5490000,0,-1.47334,190.804,1.47334,4.36472,0.288
5500000,0,-0.786719,190.006,0.786719,4.13998,0.293
5510000,0,-0.0772324,187.727,0.0772324,4.54388,0.283
5520000,1,-2.18012,192.262,2.13853,4.11752,0.264
5530000,0,-1.66725,190.509,1.66725,4.41986,0.33
5540000,0,-0.243573,192.435,0.243573,4.16639,0.299
5550000,0,-0.790837,190.594,0.790837,4.39788,0.261
5560000,2,-1.71309,198.511,1.51325,4.09152,0.319
5570000,0,-0.357634,192.266,0.357634,4.25926,0.286
5580000,2,-2.50488,195.667,2.04301,4.0455,0.314
5590000,1,-2.46731,192.044,0.345621,4.08308,0.295
5600000,1,-1.65442,198.592,0.344262,4.13931,0.282
5610000,0,-0.137138,191.633,0.137138,4.14335,0.276
5620000,0,-0.407265,192.013,0.407265,4.19478,0.277
5630000,1,-2.33768,191.554,0.998654,4.14698,0.262
5640000,0,-0.210383,191.981,0.210383,4.27683,0.307
5650000,0,-0.287827,191.052,0.287827,4.21776,0.352
5660000,0,-0.541561,192.392,0.541561,4.20472,0.258
5670000,0,-0.7599,190.493,0.7599,4.19234,0.298
5680000,0,-0.0574016,190.356,0.0574016,4.25477,0.272
5690000,0,-0.524668,192.195,0.524668,4.18983,0.297
5700000,2,-1.8633,196.314,1.16155,4.24712,0.307
5710000,2,-3.84751,189.366,2.59467,4.19778,0.293
5720000,0,-1.0935,190.929,1.0935,4.38939,0.272
5730000,1,-2.65932,191.574,2.79924,4.08588,0.269
5740000,0,-0.0902709,192.103,0.0902709,4.26384,0.281
5750000,0,-0.168961,192.027,0.168961,4.11825,0.275
5760000,2,-3.5641,197.132,0.56859,4.25142,0.304
5770000,0,-0.593059,191.015,0.593059,4.31849,0.312
5780000,0,-1.49131,190.701,1.49131,4.30234,0.275
5790000,0,-1.4143,187.227,1.4143,3.96327,0.268
5800000,0,-0.307061,192.459,0.307061,4.23454,0.284
5810000,0,-0.0380031,191.295,0.0380031,4.15626,0.281
5820000,0,-0.86784,185.522,0.86784,4.55428,0.28
5830000,0,-0.178331,192.239,0.178331,4.18812,0.272
5840000,5,-11.451,194.771,2.03754,4.10924,0.34
5850000,0,-2.66226,192.114,2.66226,4.30981,0.342
5860000,1,-1.88988,185.357,1.67035,4.52608,0.256
5870000,0,-0.174219,192.535,0.174219,4.21865,0.266
5880000,2,-5.71513,194.166,2.76531,4.19548,0.304
5890000,0,-0.0871627,192.15,0.0871627,4.16937,0.298
5900000,0,-0.954237,191.617,0.954237,4.08024,0.306
5910000,0,-1.20809,190.433,1.20809,4.41055,0.31
5920000,2,-2.36207,195.882,0.986517,4.29315,0.313
5930000,1,-0.999072,191.003,0.540477,4.09143,0.284
5940000,0,-0.795681,192.388,0.795681,4.2369,0.29
5950000,0,-0.416504,191.963,0.416504,4.19134,0.301
5960000,0,-0.431762,190.642,0.431762,4.40344,0.322
5970000,0,-0.775039,192.451,0.775039,4.20784,0.281
5980000,0,-0.132662,191.892,0.132662,4.18793,0.284
5990000,0,-0.202505,191.167,0.202505,4.19975,0.263
6000000,1,-2.52943,190.305,1.7533,4.2688,0.31
6010000,1,-1.26462,192.893,1.87952,4.23301,0.286
6020000,0,-0.416221,191.479,0.416221,4.10833,0.337
6030000,2,-2.58647,197.365,1.14963,4.33544,0.272
6040000,1,-2.27282,193.182,1.17358,4.28318,0.275
6050000,0,-0.110144,189.188,0.110144,4.06386,0.245
6060000,0,-0.0957408,189.069,0.0957408,4.20892,0.25
6070000,0,-0.641459,190.192,0.641459,4.35113,0.339
6080000,0,-0.452131,192.044,0.452131,4.32006,0.286
6090000,0,-0.154517,192.372,0.154517,4.25434,0.279
6100000,0,-0.230257,191.078,0.230257,4.24329,0.3
6110000,0,-0.177544,192.444,0.177544,4.17443,0.271
6120000,1,-4.96186,190.209,0.187914,4.11655,0.299
6130000,0,-0.00219718,192.305,0.00219718,4.21156,0.314
6140000,0,-0.145534,191.498,0.145534,4.25164,0.271
6150000,2,-2.53276,193.11,0.884817,4.41752,0.292
6160000,0,-0.694769,192.432,0.694769,4.20134,0.267
6170000,0,-0.248651,192.256,0.248651,4.15131,0.316
6180000,1,-0.889888,195.328,0.252872,4.37966,0.257
6190000,1,-1.18754,192.456,1.14865,4.13386,0.298
6200000,0,-0.156383,192.029,0.156383,4.21156,0.348
6210000,0,-0.659441,192.19,0.659441,4.13538,0.314
6220000,0,-0.881028,189.823,0.881028,4.02047,0.314
6230000,0,-0.0943407,192.343,0.0943407,4.16363,0.234
6240000,0,-0.215126,189.656,0.215126,4.15591,0.23
6250000,0,-0.407777,191.63,0.407777,4.13014,0.316
6260000,0,-0.820509,191.628,0.820509,4.1929,0.272
6270000,0,-1.55342,191.316,1.55342,4.20912,0.299
6280000,0,-0.454897,191.969,0.454897,4.30826,0.302
6290000,0,-0.230172,191.841,0.230172,4.15866,0.258
6300000,2,-2.51757,191.386,1.61068,4.23404,0.256
6310000,0,-0.135177,192.197,0.135177,4.16328,0.266
6320000,0,-0.0198248,192.428,0.0198248,4.22261,0.288
6330000,3,0.0591668,188.596,1.20545,4.24808,0.316
6340000,0,-0.971014,190.511,0.971014,4.22916,0.276
6350000,3,-0.379789,190.08,1.03146,4.40467,0.322
6360000,1,-1.05353,195.899,0.323468,4.30896,0.273
6370000,0,-0.398829,192.428,0.398829,4.21603,0.287
6380000,0,-0.0418835,192.411,0.0418835,4.20398,0.27
6390000,0,-0.0357224,192.338,0.0357224,4.1611,0.328
6400000,1,-0.88951,191.58,0.878139,4.17155,0.29
6410000,0,-0.620842,191.62,0.620842,4.16502,0.281
6420000,0,-0.274434,191.898,0.274434,4.22639,0.277
6430000,0,-0.0641401,192.239,0.0641401,4.15782,0.27
6440000,3,-9.20432,191.975,3.00875,4.28207,0.335
6450000,1,-2.25251,188.723,1.08549,4.24304,0.315
6460000,1,-1.2835,196.41,0.339736,4.15925,0.273
6470000,0,-1.00084,191.929,1.00084,4.16305,0.308
6480000,1,-0.593924,192.108,0.806072,4.30291,0.253
6490000,1,-2.00796,192.182,0.806971,4.06698,0.253
6500000,0,-1.02173,191.429,1.02173,4.15031,0.306
6510000,0,-0.595288,189.682,0.595288,4.24757,0.312
6520000,0,-0.683788,190.683,0.683788,4.13584,0.26
6530000,2,-3.55539,195.862,1.45706,4.16159,0.294
6540000,1,-0.602947,192.603,0.174712,4.01159,0.304
6550000,1,-0.928477,192.256,0.610448,4.13166,0.305
6560000,0,-1.18517,189.719,1.18517,4.0272,0.294
6570000,0,-0.193576,192.331,0.193576,4.22306,0.295
6580000,4,-2.8384,192.076,1.45798,4.31164,0.305
6590000,1,-1.42966,192.34,1.58186,4.18185,0.285
6600000,1,-1.98876,196.592,1.05327,4.13604,0.331
6610000,1,-2.06771,195.876,1.3481,4.28114,0.281
6620000,1,-1.25661,191.772,0.290539,4.11786,0.291
6630000,1,-1.05827,191.703,1.35506,4.26019,0.326
6640000,2,-7.95284,197.891,1.11557,4.19347,0.286
6650000,1,-4.34192,191.14,4.50038,4.26309,0.267
6660000,1,-1.22067,192.579,1.46394,4.29748,0.284
6670000,2,-1.19387,196.77,0.561786,4.27002,0.264
6680000,3,-4.64265,191.141,1.62469,4.19456,0.364
6690000,0,-0.0815948,190.407,0.0815948,4.39781,0.294
6700000,0,-0.115174,191.889,0.115174,4.17444,0.315
6710000,1,-0.96066,188.122,0.285334,4.38391,0.25
6720000,1,-0.793378,192.463,1.05487,4.15058,0.329
6730000,4,-3.73389,193.304,1.89823,4.12574,0.337
6740000,0,-0.378015,190.431,0.378015,4.25736,0.289
6750000,0,-0.692161,190.181,0.692161,4.07079,0.279
6760000,1,-1.60048,191.993,0.897684,4.28004,0.291
6770000,0,-0.149956,191.597,0.149956,4.32659,0.261
6780000,0,-0.0123312,191.872,0.0123312,4.32977,0.274
6790000,1,-2.51933,195.06,1.57859,4.07292,0.273
6800000,2,-1.1504,190,0.300248,4.45073,0.287
6810000,2,-4.02978,193.578,1.19475,4.27403,0.297
6820000,0,-0.18164,190.845,0.18164,4.29183,0.287
6830000,0,-2.18232,189.656,2.18232,4.43062,0.331
6840000,2,-2.30826,197.497,1.41003,4.38471,0.308
6850000,1,-2.3746,189.213,1.394,4.17311,0.33
6860000,0,-0.58184,189.79,0.58184,4.34166,0.299
6870000,1,-2.0161,196.163,1.47035,4.15931,0.345
6880000,0,-0.136862,190.49,0.136862,4.20044,0.277
6890000,0,-0.300831,190.972,0.300831,4.25769,0.313
6900000,2,-4.64438,196.952,2.63368,4.29336,0.312
6910000,0,-0.597704,192.407,0.597704,4.18489,0.255
6920000,1,-3.66979,190.627,0.631879,4.4156,0.341
6930000,0,-0.398543,188.265,0.398543,4.34294,0.294
6940000,1,-1.50597,192.806,0.567911,4.24229,0.244
6950000,2,-1.1989,190.93,0.684216,4.33095,0.294
6960000,1,-1.29954,186.225,0.463503,3.91052,0.322
6970000,3,-4.64594,194.483,1.76631,4.22755,0.36
6980000,3,-3.16784,191.189,1.22719,4.20955,0.324
6990000,1,-0.440924,190.453,0.658605,4.23201,0.288
7000000,2,0.312001,192.296,1.2316,4.24145,0.343
7010000,0,-1.12553,191.917,1.12553,4.12983,0.274
7020000,2,-1.2964,196.506,0.310881,4.24446,0.317
7030000,0,-0.21233,190.088,0.21233,4.03746,0.274
7040000,1,-2.14689,192.212,1.78197,4.2528,0.333
7050000,0,-0.114191,190.989,0.114191,4.13075,0.311
7060000,0,-1.26856,190.75,1.26856,4.11585,0.325
7070000,0,-0.935579,192.114,0.935579,4.13369,0.307
7080000,2,-6.53723,196.357,1.74132,4.18574,0.308
7090000,0,-0.48137,191.143,0.48137,4.19996,0.26
7100000,2,-5.92189,193.091,4.4163,4.01726,0.341
7110000,0,-0.30036,192.23,0.30036,4.20659,0.276
7120000,1,-4.929,192.597,1.52812,4.29163,0.282
7130000,1,-0.794895,195.984,0.413328,4.25127,0.317
7140000,0,-0.192022,192.09,0.192022,4.16146,0.311
7150000,0,-0.761468,191.946,0.761468,4.11789,0.31
7160000,0,-0.941313,192.356,0.941313,4.16273,0.291
7170000,0,-0.503871,191.491,0.503871,4.21092,0.313
7180000,1,-2.52783,193.567,0.835975,4.22985,0.253
7190000,0,-1.44619,187.673,1.44619,4.37162,0.352
7200000,0,-0.541329,191.962,0.541329,4.24494,0.304
7210000,0,-0.282023,192.04,0.282023,4.16786,0.269
7220000,0,-0.242654,191.277,0.242654,4.09849,0.275
7230000,1,-1.14211,190.723,0.873834,4.21663,0.253
7240000,0,-0.424392,191.982,0.424392,4.14455,0.287
7250000,1,-2.70568,193.2,1.02093,4.2004,0.322
7260000,3,-6.4902,198.493,1.56697,4.26365,0.287
7270000,1,-2.98492,190.947,1.29802,4.09279,0.27
7280000,1,-1.4391,192.504,0.812935,4.34449,0.29
7290000,0,-0.855124,192.41,0.855124,4.2569,0.294
7300000,1,0.166579,192.832,0.719417,4.31458,0.287
7310000,0,-0.466473,190.881,0.466473,4.21802,0.292
7320000,0,-0.0859685,191.979,0.0859685,4.14227,0.333
7330000,1,-1.23518,197.951,0.145462,4.36814,0.293
7340000,0,-0.465817,191.377,0.465817,4.19824,0.338
7350000,0,-0.317327,188.347,0.317327,3.94896,0.291
7360000,1,-1.83612,197.177,0.473733,4.2514,0.308
7370000,2,-7.00017,192.353,0.364962,4.15948,0.302
7380000,1,-2.40551,192.472,1.24529,4.21036,0.331
7390000,0,-0.538935,192.435,0.538935,4.20026,0.287
7400000,2,-6.84337,191.371,1.40329,4.18267,0.301
7410000,0,-0.654092,192.26,0.654092,4.13875,0.276
7420000,0,-0.0473919,190.201,0.0473919,4.17653,0.285
7430000,0,-0.879406,189.402,0.879406,4.11813,0.298
7440000,0,-0.0880374,189.273,0.0880374,4.29956,0.348
7450000,2,-1.98104,193.151,1.48302,4.12403,0.258
7460000,0,-0.0432963,191.672,0.0432963,4.23053,0.277
7470000,0,-1.94258,191.14,1.94258,4.39013,0.266
7480000,3,-7.46617,196.594,2.97081,4.24628,0.308
7490000,0,-0.258155,189.96,0.258155,4.35708,0.299
7500000,0,-0.455984,192.507,0.455984,4.20291,0.301
7510000,0,-0.106176,191.216,0.106176,4.06315,0.27
7520000,3,-9.94138,193.603,3.45385,4.23626,0.281
7530000,1,-3.91135,191.744,2.9986,4.19665,0.334
7540000,0,-0.183049,192.133,0.183049,4.13672,0.308
7550000,2,-5.50967,199.139,0.737713,4.25532,0.347
7560000,1,-2.20167,192.758,1.24159,3.90036,0.347
7570000,0,-0.114536,192.371,0.114536,4.26535,0.271
7580000,5,-10.5122,197.338,4.17203,4.17807,0.302
7590000,0,-0.748379,191.768,0.748379,4.19987,0.23
7600000,4,-2.8187,192.381,1.66586,4.1549,0.298
7610000,0,-2.13133,192.057,2.13133,4.11506,0.295
7620000,0,-0.00443146,192.404,0.00443146,4.26935,0.271
7630000,0,-0.130437,190.996,0.130437,4.26808,0.285
7640000,0,-1.79864,191.374,1.79864,4.26205,0.273
7650000,3,-5.0127,194.141,2.46435,4.2583,0.299
7660000,0,-0.211842,191.314,0.211842,4.16156,0.245
7670000,0,-3.60746,192.164,3.60746,4.13187,0.278
7680000,0,-0.0933663,192.319,0.0933663,4.17228,0.334
7690000,0,-0.838453,188.677,0.838453,4.39537,0.275
7700000,1,-5.03288,192.848,1.41347,4.11154,0.252
7710000,1,-1.62478,194.472,0.179873,4.25344,0.294
7720000,1,-2.01803,197.665,0.964216,4.21866,0.279
7730000,3,-2.88843,192.436,0.420825,4.16129,0.333
7740000,0,-0.577449,189.129,0.577449,4.38404,0.312
7750000,0,-1.0323,191.552,1.0323,4.22693,0.272
7760000,1,-1.58389,189.386,0.793569,4.42947,0.289
7770000,0,-0.420894,191.974,0.420894,4.14661,0.249
7780000,1,-0.516261,190.313,0.377727,4.18898,0.313
7790000,0,-0.146139,189.711,0.146139,4.28841,0.278
7800000,1,-2.24544,191.133,2.72977,4.20884,0.27
7810000,0,-0.237244,191.815,0.237244,4.3297,0.285
7820000,0,-0.752563,190.857,0.752563,4.35773,0.287
7830000,0,-0.500289,188.647,0.500289,4.43883,0.304
7840000,0,-0.262181,189.501,0.262181,4.04885,0.281
7850000,0,-0.695256,192.082,0.695256,4.20208,0.272
7860000,0,-0.122405,191.017,0.122405,4.33748,0.279
7870000,0,-0.314707,188.891,0.314707,4.43175,0.267
7880000,0,-0.614562,192.017,0.614562,4.21922,0.309
7890000,0,-0.171733,191.328,0.171733,4.22626,0.287
7900000,1,-0.698348,191.834,0.852318,4.11447,0.343
7910000,0,-0.211205,191.154,0.211205,4.1413,0.276
7920000,0,-0.382385,190.779,0.382385,4.31402,0.319
7930000,0,-2.09344,188.234,2.09344,4.43058,0.292
7940000,1,-0.750049,191.837,0.349926,4.23159,0.309
7950000,1,-1.58615,191.042,0.560518,4.33907,0.277
7960000,1,-1.74271,190.366,0.794419,4.10338,0.268
7970000,0,-0.122581,191.95,0.122581,4.1983,0.271
7980000,0,-0.492291,192.506,0.492291,4.25315,0.307
7990000,1,-2.81399,190.916,1.22987,4.3139,0.32
8000000,0,-0.173444,190.459,0.173444,4.22682,0.267
8010000,0,-0.033215,192.291,0.033215,4.29268,0.313
8020000,0,-0.0155204,192.376,0.0155204,4.25598,0.282
8030000,1,-0.441816,188.955,1.03602,4.37068,0.259
8040000,3,-5.05757,197.295,4.44194,4.27674,0.332
8050000,0,-0.0496309,190.236,0.0496309,4.12433,0.293
8060000,0,-0.664045,189.085,0.664045,4.20897,0.273
8070000,0,-0.0971215,192.21,0.0971215,4.25778,0.332
8080000,0,-0.0107883,190.326,0.0107883,4.24137,0.314
8090000,0,-0.00399656,191.589,0.00399656,4.29447,0.279
8100000,0,-1.46027,186.618,1.46027,4.19221,0.282
8110000,1,-0.894249,191.83,0.957857,4.27725,0.294
8120000,0,-2.15382,191.435,2.15382,4.31343,0.274
8130000,2,-0.178582,192.058,0.732961,4.33946,0.308
8140000,0,-0.0850322,192.212,0.0850322,4.2993,0.294
8150000,0,-0.163222,189.631,0.163222,4.20647,0.325
8160000,4,-7.44883,198.524,1.64199,4.24972,0.337
8170000,2,-2.10127,195.645,0.864201,4.27208,0.34
8180000,0,-0.0553679,192.08,0.0553679,4.11746,0.279
8190000,0,-0.661222,191.591,0.661222,4.32364,0.263
8200000,1,-5.7639,188.933,0.221626,4.26889,0.312
8210000,2,-5.74542,196.314,1.53968,4.05493,0.306
8220000,6,-7.09631,194.573,4.3723,4.40882,0.325
8230000,0,-0.711292,191.198,0.711292,4.0961,0.27
8240000,4,-6.67514,192.973,3.34266,4.13945,0.333
8250000,0,-0.534909,192.315,0.534909,4.22169,0.263
8260000,1,-2.41745,194.116,1.04039,4.42638,0.254
8270000,0,-0.00467299,190.778,0.00467299,4.03466,0.227
8280000,2,-0.698069,189.399,1.05171,4.06979,0.313
8290000,0,-0.130026,192.146,0.130026,4.1566,0.299
8300000,0,-1.53719,192.297,1.53719,4.29095,0.288
8310000,1,-1.43987,191.098,0.677509,4.30125,0.326
8320000,1,-0.856348,191.682,0.867042,4.16359,0.326
8330000,1,-1.16862,196.067,0.718668,4.25777,0.301
8340000,0,-0.787969,192.068,0.787969,4.15879,0.313
8350000,3,-6.39338,196.083,4.20486,4.0818,0.274
8360000,1,-1.8228,189.966,0.0195794,4.28047,0.307
8370000,0,-0.145815,191.723,0.145815,4.17467,0.34
8380000,1,-0.782198,192.39,0.166554,4.25652,0.289
8390000,0,-0.0891323,192.413,0.0891323,4.25861,0.294
8400000,0,-0.196239,192.164,0.196239,4.14215,0.289
8410000,2,-2.61148,198.484,1.1025,4.12668,0.284
8420000,2,-1.50944,192.097,0.75707,4.09613,0.341
8430000,0,-0.458305,189.078,0.458305,4.32108,0.287
8440000,1,-0.609306,191.833,0.491255,4.23398,0.291
8450000,1,-1.5598,198.586,0.576693,4.23764,0.305
8460000,2,-1.20056,196.991,0.832287,4.17114,0.31
8470000,0,-0.445762,191.196,0.445762,4.3873,0.285
8480000,0,-0.0228739,189.862,0.0228739,3.9862,0.316
8490000,0,-0.377195,191.466,0.377195,4.26879,0.277
8500000,0,-0.28464,192.199,0.28464,4.30498,0.243
8510000,1,-2.15971,191.687,2.9886,4.28706,0.316
8520000,0,-0.133972,191.082,0.133972,4.11582,0.299
8530000,0,-0.666676,191.231,0.666676,4.30993,0.237
8540000,0,-1.13074,191.885,1.13074,4.12036,0.28
8550000,0,-0.00663021,187.183,0.00663021,4.15742,0.316
8560000,0,-1.13841,192.547,1.13841,4.24118,0.33
8570000,1,-3.23965,197.132,1.82705,4.17827,0.313
8580000,0,-0.100145,192.519,0.100145,4.21477,0.3
8590000,1,-1.32753,195.041,0.657926,4.10032,0.28
8600000,0,-0.0779302,191.24,0.0779302,4.37928,0.278
8610000,1,-0.214607,191.302,0.488749,4.09369,0.338
8620000,0,-0.225228,192.572,0.225228,4.22386,0.258
8630000,0,-0.979584,191.756,0.979584,4.12052,0.304
8640000,0,-0.376198,191.999,0.376198,4.30989,0.297
8650000,1,-1.78984,192.055,1.33394,4.2964,0.293
8660000,0,-0.253366,190.066,0.253366,4.00971,0.237
8670000,0,-0.328439,191.455,0.328439,4.22897,0.206
8680000,1,-6.83513,192.836,1.01641,4.08023,0.295
8690000,0,-0.193982,191.476,0.193982,4.37054,0.298
8700000,2,-4.39143,195.269,0.964957,4.08309,0.355
8710000,1,-3.36317,196.882,2.01554,4.22569,0.318
8720000,0,-0.451078,188.624,0.451078,3.96508,0.281
8730000,1,-0.59328,192.534,0.288922,4.24986,0.294
8740000,1,-1.78058,190.43,1.37164,4.01609,0.291
8750000,1,-2.63978,190.144,0.933712,4.31597,0.283
8760000,0,-0.0982601,191.982,0.0982601,4.28561,0.32
8770000,0,-0.0267642,192.066,0.0267642,4.23074,0.314
8780000,1,-3.323,195.286,2.66662,4.0978,0.315
8790000,9,-5.70325,199.085,3.66514,4.33332,0.337
8800000,1,-2.0125,191.447,0.355633,4.15969,0.258
8810000,0,-0.343192,192.507,0.343192,4.21703,0.296
8820000,1,-1.93693,197.187,0.812997,4.24613,0.264
8830000,2,-4.84405,195.555,2.00714,4.25716,0.312
8840000,0,-1.78078,191.734,1.78078,4.1917,0.29
8850000,0,-0.64805,190.938,0.64805,4.22119,0.289
8860000,3,-1.03213,196.298,1.2389,4.3964,0.271
8870000,0,-0.620965,191.888,0.620965,4.1946,0.271
8880000,2,-2.25195,192.565,0.989087,4.12985,0.297
8890000,2,-4.66262,191.037,1.50089,4.32291,0.275
8900000,1,-1.62579,192.796,1.47398,4.14575,0.28
8910000,0,-0.200509,192.234,0.200509,4.29799,0.284
8920000,0,-0.914028,191.637,0.914028,4.35495,0.285
8930000,1,-1.16163,190.28,1.3569,4.03245,0.279
8940000,1,-2.12861,190.26,0.306629,4.07018,0.331
8950000,1,-4.77518,190.477,3.5507,4.12961,0.304
8960000,0,-0.0513685,189.584,0.0513685,4.26222,0.343
8970000,0,-0.19293,191.123,0.19293,4.24431,0.253
8980000,0,-1.92789,188.324,1.92789,4.16498,0.354
8990000,0,-0.157572,189.856,0.157572,4.06528,0.253
9000000,0,-0.242595,190.849,0.242595,4.13436,0.296
9010000,1,-1.41387,195.175,0.580806,4.33696,0.342
9020000,0,-0.430239,190.994,0.430239,4.12561,0.285
9030000,0,-0.000950206,191.802,0.000950206,4.24854,0.251
9040000,1,-1.14317,191.234,0.914739,4.23334,0.273
9050000,4,-2.08595,197.838,2.25372,4.12874,0.288
9060000,1,-3.18399,196.82,1.78972,4.25178,0.272
9070000,0,-0.103256,190.496,0.103256,4.22974,0.245
9080000,2,-2.26657,196.175,1.95904,4.1192,0.277
9090000,1,-2.13643,196,0.743917,4.05074,0.287
9100000,1,-0.662347,190.979,1.12076,4.15787,0.273
9110000,4,-4.61658,191.877,1.40391,4.37232,0.31
9120000,1,-1.88979,194.325,0.57682,4.19849,0.276
9130000,1,-1.69931,190.467,0.114495,4.26391,0.3
9140000,0,-0.453006,192.419,0.453006,4.18507,0.263
9150000,2,-3.69101,193.045,1.9221,4.10744,0.316
9160000,2,-1.74729,192.307,1.67059,4.19294,0.279
9170000,0,-0.424869,191.799,0.424869,4.28217,0.242
9180000,1,-2.26649,189.264,0.27568,4.00846,0.295
9190000,2,-2.81744,197.751,1.46523,4.20221,0.299
9200000,1,-1.34111,189.275,1.34368,4.12268,0.292
9210000,0,-0.0448373,191.787,0.0448373,4.33504,0.267
9220000,1,-1.36928,195.827,0.764773,4.17567,0.32
9230000,4,-2.30487,197.286,2.02034,4.23676,0.306
9240000,0,-0.936793,191.428,0.936793,4.32926,0.24
9250000,0,-1.31788,188.073,1.31788,4.3988,0.301
9260000,0,-0.188819,192.206,0.188819,4.2991,0.28
9270000,4,-2.75949,195.566,1.43951,4.33269,0.304
9280000,0,-0.343748,191.995,0.343748,4.21248,0.275
9290000,0,-0.323752,190.333,0.323752,4.31414,0.297
9300000,2,-0.187777,191.931,1.94725,4.13964,0.323
9310000,0,-0.0170458,191.254,0.0170458,4.14093,0.318
9320000,1,-0.911603,188.821,1.34763,4.08112,0.299
9330000,0,-0.497523,192.541,0.497523,4.22663,0.307
9340000,0,-0.376264,192.363,0.376264,4.28359,0.299
9350000,0,-0.469781,190.337,0.469781,4.13206,0.277
9360000,6,-10.0502,192.686,5.67624,4.13434,0.308
9370000,0,-0.152985,186.839,0.152985,4.17432,0.27
9380000,2,-2.99761,191.475,1.73737,4.2201,0.29
9390000,1,-0.297147,190.524,0.878684,4.42924,0.321
9400000,0,-0.502563,190.918,0.502563,4.2646,0.275
9410000,0,-0.63362,192.185,0.63362,4.25694,0.274
9420000,0,-0.157585,188.438,0.157585,4.14502,0.277
9430000,2,-3.9061,193.528,2.72763,4.19772,0.263
9440000,0,-0.509692,191.281,0.509692,4.22725,0.31
9450000,6,-5.9865,194.91,2.7324,4.235,0.318
9460000,0,-0.242217,192.212,0.242217,4.20246,0.245
9470000,0,-1.15199,192.05,1.15199,4.31479,0.29
9480000,0,-0.59845,192.473,0.59845,4.22967,0.283
9490000,0,-0.227511,189.015,0.227511,4.28695,0.265
9500000,2,-1.39109,192.657,0.672736,4.20431,0.346
9510000,0,-0.202499,191.374,0.202499,4.07547,0.271
9520000,3,-2.40065,191.504,2.40392,4.22614,0.311
9530000,2,-2.15812,191.979,1.92965,4.16071,0.277
9540000,2,-5.83518,195.084,1.84818,4.16586,0.335
9550000,0,-0.199058,191.175,0.199058,4.23483,0.272
9560000,0,-0.638331,192.362,0.638331,4.26984,0.32
9570000,1,-2.21036,189.76,0.647671,4.04468,0.339
9580000,0,-2.41479,191.467,2.41479,4.30639,0.301
9590000,0,-0.0601661,191.928,0.0601661,4.17737,0.257
9600000,0,-0.0950865,187.79,0.0950865,4.49844,0.244
9610000,0,-0.0874382,190.033,0.0874382,4.33636,0.24
9620000,1,-1.70755,189.893,1.44018,4.24978,0.303
9630000,0,-0.38966,190.717,0.38966,4.33551,0.306
9640000,4,-2.52738,196.721,2.01195,4.23861,0.3
9650000,0,-0.297392,190.919,0.297392,4.34609,0.262
9660000,0,-1.79627,191.773,1.79627,4.2991,0.336
9670000,6,-8.3584,198.412,6.06415,4.1309,0.347
9680000,0,-0.019322,190.551,0.019322,4.23784,0.249
9690000,0,-0.0600723,192.055,0.0600723,4.13261,0.274
9700000,2,-0.846763,188.426,0.85035,4.06073,0.317
9710000,2,-1.30684,192.779,0.476142,4.28932,0.296
9720000,0,-0.964792,191.101,0.964792,4.34029,0.278
9730000,0,-0.0695232,188.841,0.0695232,4.47532,0.257
9740000,0,-0.682304,190.76,0.682304,4.09081,0.334
9750000,0,-0.953312,192.259,0.953312,4.18553,0.372
9760000,0,-0.0924562,188.02,0.0924562,4.37909,0.261
9770000,0,-0.0142805,191.12,0.0142805,4.09882,0.317
9780000,0,-0.107269,189.951,0.107269,4.12792,0.312
9790000,0,-1.26029,189.137,1.26029,4.45764,0.297
9800000,0,-0.102504,190.867,0.102504,4.14777,0.286
9810000,1,-1.73245,192.237,1.0019,4.17458,0.266
9820000,3,-3.1367,195.127,1.32791,4.34466,0.297
9830000,0,-0.694042,192.163,0.694042,4.22054,0.312
9840000,2,-1.3644,193.174,1.89569,4.18244,0.272
9850000,0,-0.746235,190.31,0.746235,4.33432,0.262
9860000,1,-1.82822,191.215,0.715268,4.08817,0.32
9870000,1,-0.359262,192.346,0.428818,4.25652,0.301
9880000,0,-0.374098,189.143,0.374098,4.06895,0.259
9890000,2,-1.32986,197.052,0.378438,4.12002,0.273
9900000,0,-0.00153811,190.694,0.00153811,4.32546,0.322
9910000,2,-2.02659,196.733,0.724736,4.13601,0.324
9920000,0,-0.658822,192.172,0.658822,4.27934,0.263
9930000,1,-2.28991,189.333,1.91964,4.2643,0.332
9940000,1,-2.72041,196.902,1.37608,4.27079,0.282
9950000,2,-2.32488,194.259,0.179238,4.28616,0.309
9960000,3,-3.11105,192.126,1.44767,4.02819,0.332
9970000,0,-0.210001,190.158,0.210001,4.10155,0.258
9980000,0,-0.365255,191.689,0.365255,4.14033,0.257
9990000,1,-0.762858,194.577,1.37412,4.08964,0.3
